,0_RfR 0,0_RfR 1,0_RfR 2,1_RfR 0,1_RfR 1,1_RfR 2,2_RfR 0,2_RfR 1,2_RfR 2,3_RfR 0,3_RfR 1,3_RfR 2,4_RfR 0,4_RfR 1,4_RfR 2,EWS_DaysToThreat,A.1_DikeIncrease 0,A.1_DikeIncrease 1,A.1_DikeIncrease 2,A.2_DikeIncrease 0,A.2_DikeIncrease 1,A.2_DikeIncrease 2,A.3_DikeIncrease 0,A.3_DikeIncrease 1,A.3_DikeIncrease 2,A.4_DikeIncrease 0,A.4_DikeIncrease 1,A.4_DikeIncrease 2,A.5_DikeIncrease 0,A.5_DikeIncrease 1,A.5_DikeIncrease 2,Expected Annual Damage,Dike Investment Costs,Evacuation Costs,Expected Number of Deaths
0,1,1,1,1,1,1,0,1,1,1,1,1,1,0,1,1,0,0,0,5,0,0,3,0,0,0,0,0,9,0,0,0.0,136722138.0989827,0.0,0.0
1,0,1,1,0,0,1,0,1,1,1,1,1,1,0,1,1,0,0,0,3,0,0,3,0,0,0,0,0,6,0,0,19143701.90028646,112314404.39818549,475.63061267834166,0.0061695729308309105
2,1,1,1,0,1,1,1,1,1,1,1,1,1,0,0,1,0,0,0,2,0,0,0,0,0,0,0,0,6,0,0,28073062.035269916,83092088.0552218,702.259845717886,0.008843962274455696
3,1,0,1,0,1,0,1,1,1,1,1,1,1,0,0,1,0,0,0,0,0,0,0,0,0,0,0,0,4,0,0,141671393.73868284,33377116.55719709,3640.600729754716,0.0422459355170051
4,0,1,1,0,0,1,1,1,1,1,1,1,0,0,0,3,0,0,0,3,0,0,1,0,0,0,0,0,7,0,0,12096501.524300363,112335500.73556045,620.9321865486302,0.001292137425520588
5,0,1,1,0,1,1,1,1,1,1,1,1,1,0,1,1,0,0,0,3,0,0,1,0,0,0,0,0,7,0,0,12096501.524300363,112335500.73556045,301.0580298417601,0.003876412276561764
6,1,1,0,0,1,0,1,1,1,1,1,1,1,0,0,2,0,0,0,2,0,0,0,0,0,0,0,0,6,0,0,28073062.035269916,83092088.0552218,1165.8610719925841,0.003684984281023208
7,1,1,1,1,1,1,1,1,1,1,1,1,1,0,0,0,0,0,0,2,0,0,0,0,0,0,0,0,6,0,0,28073062.035269916,83092088.0552218,0.0,0.024566561873488046
8,1,1,1,0,1,1,1,1,1,1,1,1,1,0,1,0,0,0,0,0,0,0,0,0,0,0,0,0,4,0,0,141671393.73868284,33377116.55719709,0.0,0.1173498208805697
9,1,1,1,0,1,1,1,1,1,1,1,1,1,0,1,3,0,0,0,1,0,0,0,0,0,0,0,0,5,0,0,44789816.21463168,74921797.79205856,2323.7704725291223,0.004640954345007468
10,1,1,1,0,1,1,1,1,1,1,1,1,1,0,1,2,0,0,0,1,0,0,0,0,0,0,0,0,5,0,0,44789816.21463168,74921797.79205856,1870.459187168328,0.005801192931259336
11,0,1,1,0,1,1,1,1,1,1,1,1,0,0,0,3,0,0,0,2,0,0,0,0,0,0,0,0,6,0,0,28073062.035269916,83092088.0552218,1448.4109317931398,0.0029479874248185653
12,1,1,1,1,1,1,1,1,1,1,1,1,1,0,1,0,0,0,0,1,0,0,0,0,0,0,0,0,5,0,0,44789816.21463168,74921797.79205856,0.0,0.038674619541728905
13,0,1,1,0,1,1,0,1,1,1,1,1,0,0,1,2,0,0,0,0,0,0,0,0,0,0,0,0,2,0,0,215720655.69091836,27578229.96765524,10076.254733110582,0.026417369672125768
14,1,1,0,1,1,1,0,1,1,1,1,1,1,0,1,2,0,0,0,1,0,0,0,0,0,0,0,0,4,0,0,85281478.54055123,71622238.50896114,3512.1524469886763,0.012309795729823285
15,1,0,0,1,1,1,1,1,1,1,1,1,1,0,1,2,0,0,0,0,0,0,0,0,0,0,0,0,4,0,0,141671393.73868284,33377116.55719709,6043.966055256853,0.01760247313208546
16,1,1,0,1,1,1,1,1,1,1,1,1,1,0,1,3,0,0,0,0,0,0,0,0,0,0,0,0,4,0,0,141671393.73868284,33377116.55719709,7508.739005119103,0.014081978505668363
17,1,1,1,0,0,1,0,1,1,1,1,1,1,0,0,2,0,0,0,3,0,0,3,0,0,0,0,0,6,0,0,19143701.90028646,112314404.39818549,789.6211343292782,0.0025706553878462133
18,0,1,1,0,1,1,0,1,1,1,1,1,1,0,1,2,0,0,0,0,0,0,0,0,0,0,0,0,1,0,0,359019749.29187864,25037214.086173728,18322.31652656763,0.04247899540080397
19,1,1,1,0,1,1,1,1,1,1,1,1,1,0,1,1,0,0,0,1,0,0,0,0,0,0,0,0,5,0,0,44789816.21463168,74921797.79205856,1126.6765927413928,0.013922863035022404
20,1,1,1,0,0,1,1,1,1,1,1,1,0,0,1,0,0,0,0,3,0,0,1,0,0,0,0,0,7,0,0,12096501.524300363,112335500.73556045,0.0,0.010767811879338233
21,0,1,1,0,0,1,1,1,1,1,1,1,0,0,1,2,0,0,0,4,0,0,2,0,0,0,0,0,7,0,0,10557178.761857789,119719905.3441543,488.68853373347713,0.001328019634681686
22,1,0,1,0,1,1,1,1,1,1,1,1,1,0,1,0,0,0,0,5,0,0,3,0,0,0,0,0,7,0,0,6407979.210323983,127801648.92724031,0.0,0.005489564259060571
23,1,1,1,1,1,1,1,1,0,1,1,1,1,0,1,3,0,0,0,1,0,0,0,0,0,0,0,0,4,0,0,85281478.54055123,71622238.50896114,4363.33292237652,0.009847836583858629
24,0,1,0,1,1,1,0,1,1,1,1,1,0,0,1,3,0,0,0,0,0,0,0,0,0,0,0,0,3,0,0,146504840.54611337,30351526.042379983,7703.065931846129,0.01478723842180131
25,0,1,1,0,0,1,0,1,1,1,1,1,0,0,1,1,0,0,0,0,0,0,0,0,0,0,0,0,1,0,0,359019749.29187864,25037214.086173728,11036.501248944265,0.10194958896192949
26,0,0,1,1,1,1,1,1,1,1,1,1,0,0,0,0,0,0,0,0,0,0,0,0,0,0,0,0,1,0,0,393441073.87825453,25037214.086173728,0.0,0.3096219177735657
27,1,1,1,0,0,1,1,1,1,1,1,1,0,0,1,2,0,0,0,3,0,0,1,0,0,0,0,0,7,0,0,12096501.524300363,112335500.73556045,499.8033698544846,0.001615171781900735
28,1,1,1,0,1,1,0,1,1,1,1,1,0,0,1,2,0,0,0,0,0,0,0,0,0,0,0,0,3,0,0,146504840.54611337,30351526.042379983,6200.384509535235,0.01848404802725164
29,0,0,1,0,1,1,0,1,1,1,1,1,1,0,1,0,0,0,0,4,0,0,3,0,0,0,0,0,8,0,0,7259791.20918428,126020307.7487641,0.0,0.006584883486220465
30,0,1,1,0,1,1,1,1,1,1,1,1,1,0,1,1,0,0,0,4,0,0,2,0,0,0,0,0,7,0,0,9634084.939867927,119719905.3441543,265.4413058909438,0.0030228371233604456
31,1,0,1,0,1,0,1,1,0,1,1,1,1,0,0,0,0,0,0,0,0,0,0,0,0,0,0,0,0,0,0,506838424.0230795,0.0,0.0,0.39190292200194476
32,1,0,1,1,1,1,0,1,1,1,1,1,1,0,1,0,0,0,0,0,0,0,0,0,0,0,0,0,3,0,0,146504840.54611337,30351526.042379983,0.0,0.12322698684834427
33,1,1,1,1,0,1,1,0,1,1,1,1,1,0,1,3,0,0,0,0,0,0,0,0,0,0,0,0,0,0,0,506838424.0230795,0.0,33529.12191047505,0.04702835064023338
34,1,0,1,1,1,1,1,0,1,1,1,1,0,0,1,0,0,0,0,0,0,0,0,0,0,0,0,0,2,0,0,215720655.69091836,27578229.96765524,0.0,0.17611579781417175
35,0,0,1,0,1,1,1,1,0,1,1,1,1,0,0,1,0,0,0,0,0,0,0,0,0,0,0,0,0,0,0,506838424.0230795,0.0,16256.54395659396,0.14108505192070014
36,0,0,1,0,1,1,1,0,1,1,1,1,1,1,0,3,0,0,0,0,0,0,0,0,0,0,0,0,1,0,0,359019749.29187864,25037214.086173728,22762.783825947554,0.03398319632064317
37,1,1,1,0,1,1,0,1,1,1,1,1,0,1,1,1,0,0,0,0,0,0,0,0,0,0,0,0,2,0,0,215720655.69091836,27578229.96765524,6069.461674532489,0.06340168721310184
38,1,1,1,0,1,1,1,1,0,1,1,1,0,0,1,3,0,0,0,0,0,0,0,0,0,0,0,0,2,0,0,215720655.69091836,27578229.96765524,12518.264703723262,0.02113389573770061
39,0,1,1,1,0,1,1,1,1,1,1,1,0,0,1,2,0,0,0,5,0,0,2,0,0,0,0,0,9,0,0,923093.8219898615,134691923.84642506,48.014490750464965,6.85041666148335e-05
40,1,0,1,1,1,1,1,1,0,1,1,1,1,0,0,1,0,0,0,0,0,0,0,0,0,0,0,0,3,0,0,146504840.54611337,30351526.042379983,3734.819845743577,0.04436171526540394
41,0,1,1,0,1,0,1,1,0,1,1,1,1,1,1,0,0,0,0,1,0,0,0,0,0,0,0,0,4,0,0,85188471.40067418,71622238.50896114,0.0,0.08184250193940461
42,1,1,1,0,1,1,1,1,0,1,1,1,1,1,1,1,0,0,0,1,0,0,0,0,0,0,0,0,4,0,0,85188471.40067418,71622238.50896114,2115.042787129036,0.02946330069818566
43,1,0,1,0,1,1,1,0,1,1,1,1,1,1,0,2,0,0,0,0,0,0,0,0,0,0,0,0,0,0,0,506838424.0230795,0.0,26988.40305293919,0.05878543830029173
44,1,0,1,0,1,1,0,1,1,1,1,1,1,0,0,1,0,0,0,4,0,0,3,0,0,0,0,0,7,0,0,7259791.20918428,121750119.59671193,179.6457520269155,0.002370558055039367
45,1,0,1,0,0,1,1,1,1,1,1,1,0,0,0,3,0,0,0,4,0,0,2,0,0,0,0,0,7,0,0,11642537.49751967,119719905.3441543,675.5621988222251,0.0011288007952818474
46,1,1,1,1,1,1,1,1,1,1,1,1,1,1,1,3,0,0,0,4,0,0,2,0,0,0,0,0,8,0,0,3399828.5143021196,123990093.49620646,173.78519112026083,0.0003682113271291717
47,1,0,1,0,1,1,1,0,1,1,1,1,1,0,0,2,0,0,0,4,0,0,3,0,0,0,0,0,7,0,0,7259791.20918428,121750119.59671193,298.2400180134339,0.00098773252293307
