,0_RfR 0,0_RfR 1,0_RfR 2,1_RfR 0,1_RfR 1,1_RfR 2,2_RfR 0,2_RfR 1,2_RfR 2,3_RfR 0,3_RfR 1,3_RfR 2,4_RfR 0,4_RfR 1,4_RfR 2,EWS_DaysToThreat,A.1_DikeIncrease 0,A.1_DikeIncrease 1,A.1_DikeIncrease 2,A.2_DikeIncrease 0,A.2_DikeIncrease 1,A.2_DikeIncrease 2,A.3_DikeIncrease 0,A.3_DikeIncrease 1,A.3_DikeIncrease 2,A.4_DikeIncrease 0,A.4_DikeIncrease 1,A.4_DikeIncrease 2,A.5_DikeIncrease 0,A.5_DikeIncrease 1,A.5_DikeIncrease 2,Expected Annual Damage,Dike Investment Costs,Evacuation Costs,Expected Number of Deaths
0,0,1,0,1,1,1,1,1,1,1,1,1,1,0,1,0,0,0,0,0,0,0,2,0,0,3,0,0,2,0,0,9639968.862020869,58199455.863067046,0.0,0.008093850755250582
1,1,0,0,1,1,1,1,1,1,1,1,1,1,0,1,3,0,0,0,0,0,0,2,0,0,0,0,0,1,0,0,22854376.440789428,47205032.28497748,1391.8809384149072,0.0015774925923156147
2,0,0,0,1,0,1,1,1,1,1,1,1,1,0,0,3,0,0,0,0,0,0,3,0,0,0,0,0,0,0,0,37370668.51396058,24198032.45136138,2400.0385129998335,0.0022447299067148902
3,0,0,0,1,1,0,1,1,1,1,1,1,1,0,1,1,0,0,0,1,0,0,2,0,0,2,0,0,2,0,0,2799888.5003486536,95323250.33774483,91.65803257662154,0.00042328794092005563
4,0,0,0,1,1,1,1,1,1,1,1,1,1,0,1,2,0,0,0,0,0,0,2,0,0,0,0,0,1,0,0,22854376.440789428,47205032.28497748,1120.3587098983626,0.001971865740394519
5,0,0,0,1,1,0,1,1,1,1,1,1,1,0,1,3,0,0,0,0,0,0,2,0,0,3,0,0,2,0,0,9639968.862020869,58199455.863067046,472.86907126180705,0.0009712620906300699
6,0,0,0,1,1,0,1,1,1,1,1,1,1,0,1,2,0,0,0,1,0,0,2,0,0,2,0,0,2,0,0,2799888.5003486536,95323250.33774483,152.16665564478183,0.00017636997538335655
7,0,0,0,1,1,1,1,1,1,1,1,1,1,0,0,1,0,0,0,0,0,0,3,0,0,0,0,0,0,0,0,37370668.51396058,24198032.45136138,1163.6550366059798,0.006734189720144671
8,0,0,0,1,1,0,1,1,1,1,1,1,1,1,1,0,0,0,0,0,0,0,2,0,0,2,0,0,2,0,0,10383612.12328326,57078128.38598077,0.0,0.008395075369198212
9,0,0,0,1,0,1,1,1,1,1,1,1,1,0,1,0,0,0,0,1,0,0,2,0,0,0,0,0,1,0,0,13303007.975078821,85450154.23674154,0.0,0.005127331472540946
10,1,0,0,1,1,1,1,1,1,1,1,1,1,1,1,3,0,0,0,0,0,0,2,0,0,0,0,0,2,0,0,17645953.58600876,49746048.166458994,1029.723430815779,0.0013384118756698364
11,0,1,0,1,0,1,1,1,1,1,1,1,1,0,0,2,0,0,0,0,0,0,3,0,0,0,0,0,0,0,0,37370668.51396058,24198032.45136138,1931.8491818653965,0.0028059123833936127
12,1,0,0,1,0,1,1,1,1,1,1,1,1,1,1,0,0,0,0,1,0,0,2,0,0,0,0,0,2,0,0,8094585.120298155,87991170.11822304,0.0,0.0031349921671594604
13,0,0,0,1,1,0,1,1,1,1,1,1,1,1,0,1,0,0,0,0,0,0,2,0,0,3,0,0,2,0,0,9639968.862020869,58199455.863067046,229.26985273299732,0.0029137862718902094
14,1,0,0,1,1,1,1,1,1,1,1,1,1,0,1,0,0,0,0,0,0,0,0,0,0,0,0,0,0,0,0,82627384.83245681,0.0,0.0,0.09325860697434027
15,0,1,0,1,0,1,1,1,1,1,1,1,1,0,1,0,0,0,0,0,0,0,2,0,0,0,0,0,1,0,0,22854376.440789428,47205032.28497748,0.0,0.013145771602630123
16,0,0,0,1,1,0,1,1,1,1,1,1,1,1,1,1,0,0,0,0,0,0,2,0,0,0,0,0,2,0,0,17645953.58600876,49746048.166458994,499.25984524401406,0.004015235627009508
17,1,0,0,1,1,0,1,1,1,1,1,1,1,1,1,1,0,0,0,0,0,0,2,0,0,2,0,0,2,0,0,10383612.12328326,57078128.38598077,253.85104644926471,0.003022227132911356
18,0,0,0,1,1,1,1,1,1,1,1,1,1,1,1,3,0,0,0,0,0,0,2,0,0,2,0,0,2,0,0,10383612.12328326,57078128.38598077,523.5677833016086,0.0010074090443037856
19,0,0,0,1,1,1,1,1,1,1,1,1,1,0,1,1,0,0,0,0,0,0,2,0,0,0,0,0,0,0,0,34244106.15738665,22167818.198803753,1012.1470088017995,0.007904751578002918
20,0,0,0,1,1,1,1,1,1,1,1,1,1,0,0,0,0,0,0,0,0,0,2,0,0,0,0,0,0,0,0,38547807.10131274,22167818.198803753,0.0,0.02051356255328724
21,0,0,0,1,1,0,1,1,1,1,1,1,1,1,1,2,0,0,0,0,0,0,2,0,0,0,0,0,2,0,0,17645953.58600876,49746048.166458994,828.8493524558828,0.0016730148445872955
22,1,0,1,1,0,0,1,1,1,1,1,1,1,1,1,3,0,0,0,1,0,0,2,0,0,0,0,0,2,0,0,8094585.120298155,87991170.11822304,561.1826712870596,0.0003761990600591351
23,0,0,0,1,1,1,1,1,1,1,1,1,1,0,1,2,0,0,0,1,0,0,2,0,0,0,0,0,1,0,0,13303007.975078821,85450154.23674154,743.218893989829,0.0007690997208811422
24,1,0,0,0,0,1,1,1,1,1,1,1,1,0,1,3,0,0,0,0,0,0,2,0,0,0,0,0,0,0,0,34244106.15738665,22167818.198803753,2087.5532056537113,0.0026349171926676393
25,1,0,0,1,1,1,1,1,1,1,1,1,1,1,0,2,0,0,0,0,0,0,2,0,0,3,0,0,2,0,0,9639968.862020869,58199455.863067046,380.623778951265,0.0012140776132875874
26,1,0,0,1,1,1,1,1,1,1,1,1,1,0,1,3,0,0,0,1,0,0,2,0,0,0,0,0,1,0,0,13303007.975078821,85450154.23674154,923.3401788861877,0.0006152797767049135
27,0,0,1,1,0,0,1,1,1,1,1,1,1,1,1,3,0,0,0,1,0,0,2,0,0,1,0,0,2,0,0,3848883.894700854,94311970.42788929,262.87807324734297,0.0001874663280248826
28,0,0,1,1,1,1,1,1,1,1,1,1,1,1,1,0,0,0,0,0,0,0,2,0,0,0,0,0,2,0,0,17645953.58600876,49746048.166458994,0.0,0.011153432297248637
29,1,0,0,1,1,1,1,1,1,1,1,1,1,1,1,3,0,0,0,0,0,0,2,0,0,1,0,0,2,0,0,13400252.360411463,56066848.47612524,731.4188327760625,0.0011496791436355837
30,0,0,0,1,1,0,1,1,1,1,1,1,1,1,1,0,0,0,0,0,0,0,2,0,0,1,0,0,2,0,0,13400252.360411463,56066848.47612524,0.0,0.00958065953029653
31,0,0,0,1,1,0,1,1,1,1,1,1,1,0,1,1,0,0,0,0,0,0,2,0,0,0,0,0,1,0,0,22854376.440789428,47205032.28497748,674.8513640799549,0.004732477776946844
32,0,0,0,1,1,0,1,1,1,1,1,1,1,1,1,2,0,0,0,0,0,0,2,0,0,1,0,0,2,0,0,13400252.360411463,56066848.47612524,588.7367498670956,0.00143709892954448
33,0,1,0,0,0,1,1,1,1,1,1,1,1,0,1,0,0,0,0,0,0,0,2,0,0,0,0,0,0,0,0,34244106.15738665,22167818.198803753,0.0,0.021957643272230324
34,0,1,1,1,0,0,1,1,1,1,1,1,1,1,1,2,0,0,0,0,0,0,2,0,0,2,0,0,2,0,0,10383612.12328326,57078128.38598077,421.43240133178705,0.0012592613053797322
35,0,0,0,1,1,1,1,1,1,1,1,1,1,0,1,2,0,0,0,0,0,0,0,0,0,0,0,0,0,0,0,82627384.83245681,0.0,3450.016788692619,0.01398879104615104
36,0,1,0,1,0,1,1,1,1,1,1,1,1,0,0,3,0,0,0,0,0,0,2,0,0,0,0,0,0,0,0,38547807.10131274,22167818.198803753,2450.2880083740215,0.0024616275063944685
37,1,0,0,1,1,0,1,1,1,1,1,1,1,1,1,1,0,0,0,0,0,0,2,0,0,1,0,0,2,0,0,13400252.360411463,56066848.47612524,354.62731286112114,0.003449037430906751
38,1,0,0,1,1,1,1,1,1,1,1,1,1,1,1,2,0,0,0,1,0,0,2,0,0,0,0,0,2,0,0,8094585.120298155,87991170.11822304,451.7095365473492,0.000470248825073919
39,0,0,1,1,0,1,1,1,1,1,1,1,1,0,1,0,0,0,0,0,0,0,1,0,0,0,0,0,0,0,0,50728128.875140876,20299287.62732069,0.0,0.046732569695458706
40,0,0,1,1,1,0,1,1,1,1,1,1,1,1,1,2,0,0,0,1,0,0,2,0,0,1,0,0,2,0,0,3848883.894700854,94311970.42788929,211.59693395856206,0.00023433291003110328
41,0,0,0,1,1,1,1,1,1,1,1,1,1,1,1,0,0,0,0,1,0,0,2,0,0,1,0,0,2,0,0,3848883.894700854,94311970.42788929,0.0,0.0015622194002073552
42,0,0,0,1,1,0,1,1,1,1,1,1,1,0,1,0,0,0,0,1,0,0,2,0,0,2,0,0,2,0,0,2799888.5003486536,95323250.33774483,0.0,0.0011757998358890435
43,0,0,0,1,1,1,1,1,1,1,1,1,1,1,1,0,0,0,0,1,0,0,2,0,0,2,0,0,3,0,0,832243.6575726522,98096546.41246957,0.0,0.00037663523910903634
44,1,0,0,1,0,0,1,1,1,1,1,1,1,1,1,0,0,0,0,2,0,0,2,0,0,0,0,0,2,0,0,8005984.723987893,92564463.83795679,0.0,0.0030595815419980537
45,0,0,0,1,1,1,1,1,1,1,1,1,1,1,1,1,0,0,0,1,0,0,2,0,0,0,0,0,2,0,0,8094585.120298155,87991170.11822304,272.0885678967562,0.0011285971801774054
46,0,1,1,1,1,1,1,1,1,1,1,1,1,1,1,1,0,0,0,1,0,0,2,0,0,1,0,0,2,0,0,3848883.894700854,94311970.42788929,127.45603551386324,0.0005623989840746478
47,1,0,0,1,0,1,1,1,1,1,1,1,0,1,0,1,0,0,0,0,0,0,2,0,0,0,0,0,0,0,0,38547807.10131274,22167818.198803753,1188.0184283025558,0.007384882519183407
48,1,1,1,0,0,1,1,1,1,1,1,1,0,0,1,2,0,0,0,0,0,0,0,0,0,0,0,0,0,0,0,86015179.32482454,0.0,3705.10572892134,0.013588354570943787
49,0,0,0,1,0,1,1,1,1,1,1,1,0,1,1,2,0,0,0,0,0,0,2,0,0,0,0,0,0,0,0,34244106.15738665,22167818.198803753,1680.3221825811122,0.00329364649083455
50,0,0,1,1,1,1,1,1,1,1,1,1,1,1,1,0,0,0,0,1,0,0,2,0,0,3,0,0,3,0,0,88600.39631026128,99217873.88955584,0.0,7.541062516140664e-05
51,0,1,1,0,1,1,1,1,1,1,1,1,0,0,1,2,0,0,0,0,0,0,2,0,0,0,0,0,0,0,0,38547807.10131274,22167818.198803753,1972.296218861665,0.0030770343829930862
52,1,1,1,1,0,1,1,1,1,1,1,1,0,1,0,1,0,0,0,0,0,0,0,0,0,0,0,0,0,0,0,86015179.32482454,0.0,2231.78133318556,0.03261205097026508
53,0,1,0,1,1,1,1,1,1,1,1,1,1,1,1,1,0,0,0,1,0,0,2,0,0,2,0,0,3,0,0,832243.6575726522,98096546.41246957,26.679769102006823,0.00013558868607925308
54,1,0,1,0,1,0,1,1,1,1,1,1,0,1,1,1,0,0,0,0,0,0,0,0,0,0,0,0,0,0,0,82627384.83245681,0.0,2078.1277597772014,0.0335730985107625
55,0,1,0,1,1,1,1,1,1,1,1,1,1,0,1,1,0,0,0,0,0,0,1,0,0,0,0,0,0,0,0,50728128.875140876,20299287.62732069,1364.406288487897,0.016823725090365137
56,1,0,0,1,0,0,1,1,1,1,1,1,1,1,1,1,0,0,0,2,0,0,2,0,0,0,0,0,2,0,0,8005984.723987893,92564463.83795679,269.9899925110168,0.001101449355119299
57,0,1,0,1,0,1,1,1,1,1,1,1,1,0,1,3,0,0,0,0,0,0,1,0,0,0,0,0,0,0,0,50728128.875140876,20299287.62732069,2814.087970006288,0.005607908363455046
58,0,0,0,1,1,1,1,1,1,1,1,1,1,1,1,2,0,0,0,2,0,0,2,0,0,0,0,0,2,0,0,8005984.723987893,92564463.83795679,448.2255735046178,0.000458937231299708
59,1,0,1,0,0,1,1,1,1,1,1,1,1,0,0,0,0,0,0,0,0,0,3,0,0,0,0,0,0,0,0,37370668.51396058,24198032.45136138,0.0,0.018706082555957418
60,1,0,0,1,0,1,1,1,1,1,1,1,1,1,1,1,0,0,0,2,0,0,2,0,0,3,0,0,3,0,0,0.0,103791167.60928959,0.0,0.0
61,1,1,1,1,0,1,1,1,1,1,1,1,0,0,1,0,0,0,0,0,0,0,0,0,0,0,0,0,0,0,0,86015179.32482454,0.0,0.0,0.09058903047295856
62,0,0,1,1,1,1,1,1,1,1,1,1,1,0,1,2,0,0,0,0,0,0,1,0,0,0,0,0,0,0,0,50728128.875140876,20299287.62732069,2265.1276273724843,0.007009885454318808
63,0,0,1,1,1,1,1,1,1,1,1,1,1,1,1,2,0,0,0,1,0,0,2,0,0,2,0,0,3,0,0,832243.6575726522,98096546.41246957,44.29258542325351,5.6495285866355456e-05
64,0,1,0,1,0,1,1,1,1,1,1,1,1,0,1,3,0,0,0,0,0,0,0,0,0,0,0,0,0,0,0,82627384.83245681,0.0,4286.138504540478,0.011191032836920833
65,0,1,0,1,1,1,1,1,1,1,1,1,1,1,1,3,0,0,0,2,0,0,2,0,0,0,0,0,2,0,0,8005984.723987893,92564463.83795679,556.854359553972,0.00036714978503976637
