,0_RfR 0,0_RfR 1,0_RfR 2,1_RfR 0,1_RfR 1,1_RfR 2,2_RfR 0,2_RfR 1,2_RfR 2,3_RfR 0,3_RfR 1,3_RfR 2,4_RfR 0,4_RfR 1,4_RfR 2,EWS_DaysToThreat,A.1_DikeIncrease 0,A.1_DikeIncrease 1,A.1_DikeIncrease 2,A.2_DikeIncrease 0,A.2_DikeIncrease 1,A.2_DikeIncrease 2,A.3_DikeIncrease 0,A.3_DikeIncrease 1,A.3_DikeIncrease 2,A.4_DikeIncrease 0,A.4_DikeIncrease 1,A.4_DikeIncrease 2,A.5_DikeIncrease 0,A.5_DikeIncrease 1,A.5_DikeIncrease 2,Expected Annual Damage,Dike Investment Costs,Evacuation Costs,Expected Number of Deaths
0,1,0,1,0,0,1,1,1,1,1,1,1,1,1,1,1,0,0,0,0,0,0,0,0,0,1,0,0,0,0,0,158099693.54003957,6320800.309666242,3816.5533905490847,0.051943907217638766
1,0,1,1,0,1,1,1,1,1,1,1,1,1,1,1,0,0,0,0,0,0,0,1,0,0,0,0,0,0,0,0,108791666.41165,20299287.62732069,0.0,0.061653850499881965
2,0,0,1,0,1,1,1,1,1,1,1,1,1,1,1,0,0,0,0,0,0,0,1,0,0,2,0,0,0,0,0,75973327.23675,27631367.846842468,0.0,0.0539528527520551
3,0,0,1,1,1,1,1,1,1,1,1,1,1,1,1,2,0,0,0,0,0,0,2,0,0,5,0,0,0,0,0,21910678.85698889,33236589.885058213,781.3714734916553,0.002495912951341033
4,1,1,1,1,1,1,1,1,1,1,1,1,1,1,1,0,0,0,0,1,0,0,3,0,0,6,0,0,0,0,0,8310253.882035199,75029612.40190354,0.0,0.006397667025700468
5,1,0,1,0,1,0,1,1,1,1,1,1,1,1,1,0,0,0,0,0,0,0,0,0,0,5,0,0,0,0,0,107969177.16844541,11068771.68625446,0.0,0.12957292243667012
6,1,1,1,0,0,1,1,1,1,1,1,1,1,1,1,1,0,0,0,0,0,0,2,0,0,1,0,0,0,0,0,72642898.49809502,28488618.508469995,2090.492642560136,0.011382495884132452
7,1,1,1,0,1,1,1,1,1,1,1,1,1,1,1,0,0,0,0,0,0,0,0,0,0,1,0,0,0,0,0,158099693.54003957,6320800.309666242,0.0,0.1442886311601077
8,1,1,1,0,1,0,1,1,1,1,1,1,1,1,1,1,0,0,0,0,0,0,1,0,0,5,0,0,0,0,0,41582991.708527915,31368059.31357515,858.5870329773345,0.015465944539884688
9,1,1,1,1,1,1,1,1,1,1,1,1,1,1,1,1,0,0,0,0,0,0,0,0,0,3,0,0,0,0,0,121701558.91479397,8453407.696608048,2634.192396716988,0.04832438672092201
10,0,1,1,0,0,1,1,1,1,1,1,1,1,1,1,0,0,0,0,0,0,0,1,0,0,4,0,0,0,0,0,50157666.17856403,29994482.98948574,0.0,0.04598212934977646
11,0,1,1,1,1,0,1,1,1,1,1,1,1,1,1,2,0,0,0,0,0,0,0,0,0,5,0,0,0,0,0,107969177.16844541,11068771.68625446,3674.6656233443127,0.019435938365500522
12,0,1,0,1,1,0,1,1,1,1,1,1,1,1,1,0,0,0,0,0,0,0,0,0,0,4,0,0,0,0,0,111374094.02109696,9695195.36216505,0.0,0.13077053777993916
13,0,1,1,0,1,0,1,1,1,1,1,1,1,1,1,2,0,0,0,0,0,0,1,0,0,5,0,0,0,0,0,41582991.708527915,31368059.31357515,1425.3886289662778,0.006444143558285288
14,0,1,1,1,1,1,1,1,1,1,1,1,1,1,1,1,0,0,0,1,0,0,3,0,0,4,0,0,0,0,0,18533256.882486,72138349.76529048,485.6193093552713,0.0036188319289711703
15,0,1,1,0,1,1,1,1,1,1,1,1,1,1,1,0,0,0,0,0,0,0,0,0,0,2,0,0,0,0,0,141757809.42715552,7332080.219521779,0.0,0.1403019024099443
16,0,1,0,1,1,0,1,1,1,1,1,1,1,1,1,3,0,0,0,0,0,0,0,0,0,2,0,0,0,0,0,141757809.42715552,7332080.219521779,6745.016478530884,0.01683622828919331
17,1,1,1,1,1,0,1,1,1,1,1,1,1,1,1,0,0,0,0,0,0,0,0,0,0,3,0,0,0,0,0,121701558.91479397,8453407.696608048,0.0,0.13423440755811666
18,1,1,1,1,0,1,1,1,1,1,1,1,1,1,1,1,0,0,0,0,0,0,2,0,0,2,0,0,0,0,0,56301014.385211,29499898.418325532,1544.2502719048139,0.009947273534073622
19,1,1,1,0,1,1,1,1,1,1,1,1,1,1,1,1,0,0,0,0,0,0,0,0,0,0,0,0,0,0,0,174576148.60205552,0.0,4376.203427098382,0.05328104405679761
20,1,1,1,1,1,1,1,1,1,1,1,1,1,1,1,1,0,0,0,0,0,0,1,0,0,3,0,0,0,0,0,55917076.72438845,28752695.323928736,1296.0572764962822,0.0172387288440819
21,1,0,1,1,1,1,1,1,1,1,1,1,1,1,1,3,0,0,0,0,0,0,2,0,0,1,0,0,0,0,0,72642898.49809502,28488618.508469995,4311.641075280281,0.0037941652947108178
22,0,1,1,1,1,0,1,1,1,1,1,1,1,1,1,3,0,0,0,0,0,0,2,0,0,2,0,0,0,0,0,56301014.385211,29499898.418325532,3185.016185803679,0.003315757844691207
23,1,1,1,1,1,1,1,1,1,1,1,1,1,1,1,1,0,0,0,0,0,0,1,0,0,1,0,0,0,0,0,92315211.34963405,26620087.93698693,2478.4182703283795,0.020858249340798662
24,1,1,0,1,1,0,1,1,1,1,1,1,1,1,1,3,0,0,0,0,0,0,0,0,0,4,0,0,0,0,0,111374094.02109696,9695195.36216505,4777.8819274355665,0.015692464533592698
25,1,1,1,1,1,1,1,1,1,1,1,1,1,1,1,2,0,0,0,0,0,0,1,0,0,2,0,0,0,0,0,75973327.23675,27631367.846842468,3207.713895941599,0.008092927912808264
26,1,1,1,0,0,0,1,1,1,1,1,1,1,1,1,0,0,0,0,0,0,0,1,0,0,3,0,0,0,0,0,55917076.72438845,28752695.323928736,0.0,0.04788535790022751
27,0,1,1,1,1,1,1,1,1,1,1,1,1,1,1,0,0,0,0,0,0,0,0,0,0,0,0,0,0,0,0,174576148.60205552,0.0,0.0,0.14800290015777115
28,0,1,1,0,1,1,1,1,1,1,1,1,1,1,1,2,0,0,0,0,0,0,0,0,0,1,0,0,0,0,0,158099693.54003957,6320800.309666242,6336.074964778753,0.02164329467401616
29,1,1,1,0,1,0,1,1,1,1,1,1,1,1,1,1,0,0,0,0,0,0,1,0,0,0,0,0,0,0,0,108791666.41165,20299287.62732069,3038.0683068776766,0.0221953861799575
30,1,1,1,1,1,1,1,1,1,1,1,1,1,1,1,2,0,0,0,0,0,0,0,0,0,2,0,0,0,0,0,141757809.42715552,7332080.219521779,5429.227279120504,0.021045285361491646
31,0,0,1,0,1,1,1,1,1,1,1,1,1,1,1,0,0,0,0,0,0,0,2,0,0,2,0,0,0,0,0,56301014.385211,29499898.418325532,0.0,0.02763131537242673
32,0,0,1,1,1,1,1,1,1,1,1,1,1,1,1,2,0,0,0,0,0,0,2,0,0,1,0,0,0,0,0,72642898.49809502,28488618.508469995,3470.544426125226,0.004742706618388524
33,1,0,1,0,1,1,1,1,1,1,1,1,1,1,1,0,0,0,0,0,0,0,2,0,0,1,0,0,0,0,0,72642898.49809502,28488618.508469995,0.0,0.03161804412259015
34,1,1,0,0,1,1,1,1,1,1,1,1,1,1,1,1,0,0,0,0,0,0,1,0,0,4,0,0,0,0,0,50157666.17856403,29994482.98948574,1118.0824041420456,0.016553566565919525
35,1,1,1,1,0,1,1,1,1,1,1,1,1,1,1,0,0,0,0,1,0,0,2,0,0,5,0,0,0,0,0,16884566.244217403,71481711.83682227,0.0,0.015386237209179856
36,1,1,1,0,1,1,1,1,1,1,1,1,1,1,1,0,0,0,0,1,0,0,3,0,0,5,0,0,0,0,0,11221469.506494086,73511926.08937989,0.0,0.00746993681025963
37,1,1,1,1,1,1,1,1,1,1,1,1,1,1,1,2,0,0,0,0,0,0,1,0,0,0,0,0,0,0,0,108791666.41165,20299287.62732069,5043.668087589892,0.009248077574982295
38,1,1,1,0,1,1,1,1,1,1,1,1,1,1,1,1,0,0,0,0,0,0,1,0,0,2,0,0,0,0,0,75973327.23675,27631367.846842468,1932.1758996730573,0.019423026990739833
39,1,1,1,0,1,0,1,1,1,1,1,1,1,1,1,1,0,0,0,0,0,0,0,0,0,4,0,0,0,0,0,111374094.02109696,9695195.36216505,2316.5488133020935,0.0470773936007781
40,1,1,0,0,1,1,1,1,1,1,1,1,1,1,1,1,0,0,0,0,0,0,0,0,0,5,0,0,0,0,0,107969177.16844541,11068771.68625446,2213.445646061516,0.046646252077201245
41,1,0,0,0,1,1,1,1,1,1,1,1,1,1,1,1,0,0,0,0,0,0,2,0,0,5,0,0,0,0,0,21910678.85698889,33236589.885058213,470.6614052090912,0.005990191083218477
42,1,0,1,1,1,0,1,1,1,1,1,1,1,1,1,3,0,0,0,0,0,0,2,0,0,5,0,0,0,0,0,21910678.85698889,33236589.885058213,970.7391482437506,0.0019967303610728257
43,0,1,1,1,0,1,1,1,1,1,1,1,1,1,1,0,0,0,0,0,0,0,2,0,0,5,0,0,0,0,0,21910678.85698889,33236589.885058213,0.0,0.016639419675606882
44,1,0,1,0,0,1,1,1,1,1,1,1,1,1,1,3,0,0,0,0,0,0,0,0,0,1,0,0,0,0,0,158099693.54003957,6320800.309666242,7871.641368007487,0.01731463573921292
45,0,1,0,1,1,0,1,1,1,1,1,1,1,1,1,3,0,0,0,0,0,0,0,0,0,3,0,0,0,0,0,121701558.91479397,8453407.696608048,5433.021818228786,0.016108128906974
46,1,0,1,0,1,1,1,1,1,1,1,1,1,1,1,1,0,0,0,0,0,0,2,0,0,0,0,0,0,0,0,89119353.56011096,22167818.198803753,2650.1426791094336,0.01271963272329129
47,0,0,0,1,1,1,1,1,1,1,1,1,1,1,1,2,0,0,0,0,0,0,1,0,0,1,0,0,0,0,0,92315211.34963405,26620087.93698693,4114.561581599848,0.008690937225332778
48,0,0,1,0,1,1,1,1,1,1,1,1,1,1,1,1,0,0,0,0,0,0,2,0,0,3,0,0,0,0,0,36244763.87284942,30621225.8954118,908.1316487280387,0.007762975387415689
49,0,1,1,1,1,0,1,1,1,1,1,1,1,1,1,3,0,0,0,0,0,0,1,0,0,4,0,0,0,0,0,50157666.17856403,29994482.98948574,2306.044958542969,0.005517855521973175
50,0,1,0,0,1,1,1,1,1,1,1,1,1,1,1,3,0,0,0,0,0,0,0,0,0,5,0,0,0,0,0,107969177.16844541,11068771.68625446,4565.231645001875,0.015548750692400411
51,0,1,1,0,1,1,1,1,1,1,1,1,1,1,1,3,0,0,0,1,0,0,2,0,0,5,0,0,0,0,0,16884566.244217403,71481711.83682227,761.4380309383869,0.0018463484651015825
52,1,1,1,0,1,1,1,1,1,1,1,1,1,1,1,0,0,0,0,0,0,0,2,0,0,0,0,0,0,0,0,89119353.56011096,22167818.198803753,0.0,0.03533231312025359
53,1,0,1,0,1,1,1,1,1,1,1,1,1,1,1,1,0,0,0,0,0,0,2,0,0,4,0,0,0,0,0,30485353.327024996,31863013.5609688,730.1567763738024,0.0070778131092533135
54,1,1,0,1,0,0,1,1,1,1,1,1,1,1,1,2,0,0,0,0,0,0,0,0,0,4,0,0,0,0,0,111374094.02109696,9695195.36216505,3845.8329908335536,0.01961558066699088
55,0,1,0,0,1,1,1,1,1,1,1,1,1,1,1,1,0,0,0,0,0,0,0,0,0,2,0,0,0,0,0,141757809.42715552,7332080.219521779,3270.311019893763,0.05050868486757994
56,0,0,1,1,1,0,1,1,1,1,1,1,1,1,1,3,0,0,0,0,0,0,2,0,0,3,0,0,0,0,0,36244763.87284942,30621225.8954118,1873.0215255015803,0.0025876584624718963
57,0,0,1,0,1,1,1,1,1,1,1,1,1,1,1,3,0,0,0,1,0,0,3,0,0,4,0,0,0,0,0,18533256.882486,72138349.76529048,1001.5898255452471,0.0012062773096570565
58,1,0,1,0,0,0,1,1,1,1,1,1,1,1,1,3,0,0,0,0,0,0,2,0,0,0,0,0,0,0,0,89119353.56011096,22167818.198803753,5465.9192756632065,0.00423987757443043
59,0,0,1,1,1,0,1,1,1,1,1,1,1,1,1,3,0,0,0,0,0,0,1,0,0,3,0,0,0,0,0,55917076.72438845,28752695.323928736,2673.118132773582,0.0057462429480273
60,1,0,1,1,1,0,1,1,1,1,1,1,1,1,1,3,0,0,0,0,0,0,2,0,0,4,0,0,0,0,0,30485353.327024996,31863013.5609688,1505.9483512709674,0.002359271036417771
61,1,0,1,0,0,1,1,1,1,1,1,1,1,1,1,3,0,0,0,0,0,0,1,0,0,2,0,0,0,0,0,75973327.23675,27631367.846842468,3985.112793075681,0.0064743423302466106
62,1,1,1,0,1,1,1,1,1,1,1,1,1,1,1,3,0,0,0,1,0,0,3,0,0,5,0,0,0,0,0,11221469.506494086,73511926.08937989,545.5777740341964,0.0008963924172311555
63,1,0,1,1,1,0,1,1,1,1,1,1,1,1,1,2,0,0,0,0,0,0,2,0,0,4,0,0,0,0,0,30485353.327024996,31863013.5609688,1212.1743357768203,0.002949088795522215
64,0,0,1,1,1,1,1,1,1,1,1,1,1,1,1,2,0,0,0,0,0,0,2,0,0,2,0,0,0,0,0,56301014.385211,29499898.418325532,2563.6967404669763,0.0041446973058640105
65,1,0,1,1,1,1,1,1,1,1,1,1,1,1,1,2,0,0,0,0,0,0,0,0,0,0,0,0,0,0,0,174576148.60205552,0.0,7265.181470768797,0.022200435023665675
66,0,0,1,0,1,0,1,1,1,1,1,1,1,1,1,3,0,0,0,0,0,0,1,0,0,0,0,0,0,0,0,108791666.41165,20299287.62732069,6266.015882935209,0.007398462059985834
67,0,0,1,0,1,1,1,1,1,1,1,1,1,1,1,2,0,0,0,0,0,0,2,0,0,0,0,0,0,0,0,89119353.56011096,22167818.198803753,4399.65093211527,0.005299846968038039
68,1,1,1,0,0,1,1,1,1,1,1,1,1,1,1,3,0,0,0,0,0,0,0,0,0,0,0,0,0,0,0,174576148.60205552,0.0,9025.919568390413,0.01776034801893253
69,0,0,0,1,1,1,1,1,1,1,1,1,1,1,1,2,0,0,0,0,0,0,1,0,0,4,0,0,0,0,0,50157666.17856403,29994482.98948574,1856.1914912514428,0.006897319402466471
70,0,0,0,1,1,0,1,1,1,1,1,1,1,1,1,2,0,0,0,0,0,0,2,0,0,3,0,0,0,0,0,36244763.87284942,30621225.8954118,1507.640432458658,0.0032345730780898715
71,1,1,0,1,1,0,1,1,1,1,1,1,1,1,1,2,0,0,0,0,0,0,0,0,0,3,0,0,0,0,0,121701558.91479397,8453407.696608048,4373.170971112186,0.020135161133717504
72,0,0,1,0,1,1,1,1,1,1,1,1,1,1,1,0,0,0,0,0,0,0,2,0,0,3,0,0,0,0,0,36244763.87284942,30621225.8954118,0.0,0.021563820520599138
73,0,1,1,0,1,0,1,1,1,1,1,1,1,1,1,3,0,0,0,1,0,0,3,0,0,6,0,0,0,0,0,8310253.882035199,75029612.40190354,366.66857985623653,0.000767720043084056
74,0,0,1,0,1,0,1,1,1,1,1,1,1,1,1,2,0,0,0,0,0,0,1,0,0,3,0,0,0,0,0,55917076.72438845,28752695.323928736,2151.6575879332804,0.007182803685034126
75,1,0,1,1,1,1,1,1,1,1,1,1,1,1,1,1,0,0,0,1,0,0,2,0,0,6,0,0,0,0,0,13973350.619758513,72999398.14934592,282.4382238838434,0.005153028272863449
76,1,0,1,1,1,1,1,1,1,1,1,1,1,1,1,2,0,0,0,1,0,0,3,0,0,6,0,0,0,0,0,8310253.882035199,75029612.40190354,295.14042886155397,0.0009596500538550704
77,0,1,1,0,0,0,1,1,1,1,1,1,1,1,1,2,0,0,0,1,0,0,2,0,0,5,0,0,0,0,0,16884566.244217403,71481711.83682227,612.8999302060879,0.0023079355813769784
78,0,1,1,0,1,0,1,1,1,1,1,1,1,1,1,3,0,0,0,2,0,0,3,0,0,5,0,0,0,0,0,3156502.151672518,78085219.80911364,192.36248420260048,0.00014153787499573929
79,0,1,1,1,1,1,1,1,1,1,1,1,1,1,1,1,0,0,0,2,0,0,3,0,0,7,0,0,0,0,0,0.0,81278099.90435843,0.0,0.0
80,1,1,0,1,1,0,1,1,1,1,1,1,1,1,1,1,0,0,0,1,0,0,3,0,0,3,0,0,0,0,0,23373834.589748092,70896562.09973349,635.5242517229419,0.004190696210698092
81,1,1,1,0,0,1,1,1,1,1,1,1,1,1,1,3,0,0,0,1,0,0,3,0,0,3,0,0,0,0,0,23373834.589748092,70896562.09973349,1310.7687691785677,0.0013968987368993637
82,0,0,1,1,1,1,1,1,1,1,1,1,1,1,1,0,0,0,0,2,0,0,3,0,0,3,0,0,0,0,0,15170903.407548677,75469855.81946723,0.0,0.005301152360957819
83,0,1,1,0,1,0,1,1,1,1,1,1,1,1,1,1,0,0,0,1,0,0,3,0,0,5,0,0,0,0,0,11221469.506494086,73511926.08937989,264.52255710748915,0.002689177251693467
84,1,1,1,0,1,1,1,1,1,1,1,1,1,1,1,3,0,0,0,1,0,0,2,0,0,6,0,0,0,0,0,13973350.619758513,72999398.14934592,582.5288367604271,0.0017176760909544829
85,0,1,1,0,1,0,1,1,1,1,1,1,1,1,1,0,0,0,0,0,0,0,2,0,0,4,0,0,0,0,0,30485353.327024996,31863013.5609688,0.0,0.019660591970148095
86,0,1,1,1,1,1,1,1,1,1,1,1,1,1,1,0,0,0,0,1,0,0,3,0,0,4,0,0,0,0,0,18533256.882486,72138349.76529048,0.0,0.010052310913808806
87,1,1,1,1,1,1,1,1,1,1,1,1,1,1,1,2,0,0,0,1,0,0,3,0,0,4,0,0,0,0,0,18533256.882486,72138349.76529048,806.203931546837,0.0015078466370713212
88,0,1,1,0,1,1,1,1,1,1,1,1,1,1,1,2,0,0,0,1,0,0,2,0,0,6,0,0,0,0,0,13973350.619758513,72999398.14934592,468.8915826196619,0.002147095113693104
89,0,1,1,0,1,0,1,1,1,1,1,1,1,1,1,2,0,0,0,1,0,0,3,0,0,5,0,0,0,0,0,11221469.506494086,73511926.08937989,439.14877644798,0.0011204905215389449
90,0,0,1,0,1,0,1,1,1,1,1,1,1,1,1,1,0,0,0,1,0,0,3,0,0,6,0,0,0,0,0,8310253.882035199,75029612.40190354,177.77870538484197,0.0023031601292521683
91,1,1,1,1,1,0,1,1,1,1,1,1,1,1,1,1,0,0,0,1,0,0,2,0,0,5,0,0,0,0,0,16884566.244217403,71481711.83682227,369.1820756064907,0.0055390453953047475
92,1,1,1,0,1,1,1,1,1,1,1,1,1,1,1,0,0,0,0,1,0,0,3,0,0,3,0,0,0,0,0,23373834.589748092,70896562.09973349,0.0,0.011640822807494698
93,0,1,1,0,1,0,1,1,1,1,1,1,1,1,1,3,0,0,0,2,0,0,3,0,0,4,0,0,0,0,0,10330325.700286591,76711643.48502423,639.7996760816163,0.00044551685607263083
94,1,1,1,1,1,0,1,1,1,1,1,1,1,1,1,2,0,0,0,1,0,0,3,0,0,3,0,0,0,0,0,23373834.589748092,70896562.09973349,1055.0695585244152,0.0017461234211242054
95,1,1,1,0,1,0,1,1,1,1,1,1,1,1,1,0,0,0,0,1,0,0,2,0,0,6,0,0,0,0,0,13973350.619758513,72999398.14934592,0.0,0.014313967424620695
96,1,0,1,1,1,1,1,1,1,1,1,1,1,1,1,1,0,0,0,2,0,0,2,0,0,6,0,0,0,0,0,7174497.281871964,77572691.86907966,134.3204542760381,0.0035492692523138446
97,1,0,0,0,1,0,1,1,1,1,1,1,1,1,1,3,0,0,0,2,0,0,2,0,0,6,0,0,0,0,0,7174497.281871964,77572691.86907966,277.0359369443286,0.0011830897507712813
98,0,0,1,0,1,0,1,1,1,1,1,1,1,1,1,0,0,0,0,2,0,0,3,0,0,5,0,0,0,0,0,3156502.151672518,78085219.80911364,0.0,0.0011794822916311608
99,1,0,1,0,1,1,1,1,1,1,1,1,1,1,1,3,0,0,0,2,0,0,3,0,0,3,0,0,0,0,0,15170903.407548677,75469855.81946723,948.978619714937,0.0006361382833149382
100,1,0,1,0,1,0,1,1,1,1,1,1,1,1,1,2,0,0,0,2,0,0,3,0,0,4,0,0,0,0,0,10330325.700286591,76711643.48502423,514.9902695732707,0.0005568960700907887
101,0,0,1,1,1,1,1,1,1,1,1,1,1,1,1,1,0,0,0,2,0,0,3,0,0,6,0,0,0,0,0,946648.6297358081,79602906.12163728,27.398119283360924,0.00013187568920704836
102,0,1,1,1,0,0,1,1,1,1,1,1,1,1,1,0,0,0,0,2,0,0,3,0,0,6,0,0,0,0,0,946648.6297358081,79602906.12163728,0.0,0.0003663213589084678
103,1,1,0,0,0,1,1,1,1,1,1,1,1,1,1,2,0,0,0,2,0,0,3,0,0,6,0,0,0,0,0,946648.6297358081,79602906.12163728,45.48515896651715,5.4948203836270166e-05
