,0_RfR 0,0_RfR 1,0_RfR 2,1_RfR 0,1_RfR 1,1_RfR 2,2_RfR 0,2_RfR 1,2_RfR 2,3_RfR 0,3_RfR 1,3_RfR 2,4_RfR 0,4_RfR 1,4_RfR 2,EWS_DaysToThreat,A.1_DikeIncrease 0,A.1_DikeIncrease 1,A.1_DikeIncrease 2,A.2_DikeIncrease 0,A.2_DikeIncrease 1,A.2_DikeIncrease 2,A.3_DikeIncrease 0,A.3_DikeIncrease 1,A.3_DikeIncrease 2,A.4_DikeIncrease 0,A.4_DikeIncrease 1,A.4_DikeIncrease 2,A.5_DikeIncrease 0,A.5_DikeIncrease 1,A.5_DikeIncrease 2,Expected Annual Damage,Dike Investment Costs,Evacuation Costs,Expected Number of Deaths
0,1,1,0,1,1,1,1,1,1,1,1,1,1,0,1,1,0,0,0,0,0,0,0,0,0,0,0,0,0,0,0,365852640.60136044,0.0,12429.835118856547,0.10794424974673228
1,0,1,0,1,1,1,1,1,1,1,1,1,1,1,1,1,0,0,0,2,0,0,0,0,0,0,0,0,6,0,0,12307830.822185861,83092088.0552218,329.4272022329104,0.003991719136132734
2,0,1,1,1,0,1,1,1,1,1,1,1,1,1,1,1,0,0,0,3,0,0,0,0,0,0,0,0,7,0,0,10562451.62443691,92036213.10823976,269.4037595468927,0.004904833183494585
3,0,1,1,1,0,1,1,1,1,1,1,1,1,1,1,2,0,0,0,3,0,0,0,0,0,0,0,0,7,0,0,10562451.62443691,92036213.10823976,447.2523351852711,0.002043680493122744
4,1,1,1,1,1,0,1,1,1,1,1,1,1,0,1,3,0,0,0,0,0,0,0,0,0,0,0,0,4,0,0,42550798.912021354,33377116.55719709,2317.101843124233,0.004614160974276706
5,1,1,1,1,0,1,1,1,1,1,1,1,0,1,1,0,0,0,0,3,0,0,0,0,0,0,0,0,6,0,0,11796586.155859642,88116371.9468241,0.0,0.014301169255390343
6,0,1,1,1,1,1,1,1,1,1,1,1,1,1,1,2,0,0,0,4,0,0,0,0,0,0,0,0,7,0,0,7325966.338807542,97552087.14535055,307.5403331571346,0.001584973861011471
7,0,1,0,1,1,1,1,1,1,1,1,1,1,1,1,0,0,0,0,3,0,0,0,0,0,0,0,0,7,0,0,10562451.62443691,92036213.10823976,0.0,0.013624536620818296
8,0,1,1,1,1,0,1,1,1,1,1,1,1,0,1,2,0,0,0,0,0,0,0,0,0,0,0,0,4,0,0,42550798.912021354,33377116.55719709,1865.091445696589,0.005767701217845884
9,1,1,1,1,1,1,1,1,1,1,1,1,1,1,1,3,0,0,0,3,0,0,0,0,0,0,0,0,7,0,0,10562451.62443691,92036213.10823976,555.6452540654661,0.0016349443944981951
10,1,1,1,1,0,1,1,1,1,1,1,1,1,1,1,1,0,0,0,4,0,0,0,0,0,0,0,0,7,0,0,7325966.338807542,97552087.14535055,185.2478242075917,0.003803937266427529
11,0,1,1,1,1,1,1,1,1,1,1,1,1,1,1,0,0,0,0,4,0,0,0,0,0,0,0,0,7,0,0,7325966.338807542,97552087.14535055,0.0,0.01056649240674314
12,1,1,1,1,1,1,1,1,1,1,1,1,1,1,0,1,0,0,0,0,0,0,0,0,0,0,0,0,3,0,0,93495793.23408976,30351526.042379983,2782.447196973959,0.029470355763642448
13,1,1,1,1,1,1,1,1,1,1,1,1,1,1,1,2,0,0,0,2,0,0,0,0,0,1,0,0,6,0,0,11516132.960478079,89412888.36488804,499.21621713325277,0.001609852141996828
14,0,0,0,1,1,1,1,1,1,1,1,1,1,1,1,0,0,0,0,0,0,0,0,0,0,0,0,0,3,0,0,93495793.23408976,30351526.042379983,0.0,0.08186209934345125
15,1,1,0,1,1,1,1,1,1,1,1,1,1,1,1,0,0,0,0,2,0,0,0,0,0,0,0,0,6,0,0,12307830.822185861,83092088.0552218,0.0,0.011088108711479819
16,1,1,0,1,1,1,1,1,1,1,1,1,1,1,1,2,0,0,0,4,0,0,1,0,0,0,0,0,7,0,0,1555143.5122876978,117851374.77267122,92.83589048731697,0.00010652400911954838
17,0,1,0,1,1,1,1,1,1,1,1,1,1,1,1,2,0,0,0,3,0,0,1,0,0,0,0,0,7,0,0,4791628.797917063,112335500.73556045,232.54789251545338,0.0005652306412308216
18,0,1,1,1,1,1,1,1,1,1,1,1,1,1,1,0,0,0,0,0,0,0,0,0,0,0,0,0,0,0,0,365852640.60136044,0.0,0.0,0.29984513818536745
19,1,0,1,1,0,1,1,1,1,1,1,1,1,1,1,1,0,0,0,3,0,0,1,0,0,0,0,0,7,0,0,4791628.797917063,112335500.73556045,140.0759070210731,0.0013565535389539714
20,1,1,0,1,1,0,1,1,1,1,1,1,1,0,1,0,0,0,0,0,0,0,0,0,0,0,0,0,4,0,0,42550798.912021354,33377116.55719709,0.0,0.03845134145230589
21,0,1,0,1,1,1,1,1,1,1,1,1,1,1,1,2,0,0,0,1,0,0,0,0,0,0,0,0,6,0,0,26719444.786050495,78518794.33548805,1164.2553471887081,0.0036717293436606584
22,1,1,1,1,1,1,1,1,1,1,1,1,1,1,1,3,0,0,0,4,0,0,0,0,0,0,0,0,7,0,0,7325966.338807542,97552087.14535055,382.0736374281578,0.0012679790888091766
23,1,1,0,1,1,1,1,1,1,1,1,1,1,1,1,3,0,0,0,4,0,0,0,0,0,1,0,0,7,0,0,5770822.826519845,103872887.45501679,266.73869583450283,0.001182759881513538
24,1,1,0,1,1,1,1,1,1,1,1,1,1,1,0,1,0,0,0,4,0,0,1,0,0,1,0,0,7,0,0,816430.3790517347,124172175.08233747,27.979260798950556,0.00014428554327109862
25,1,1,1,1,1,1,1,1,1,1,1,1,1,1,1,0,0,0,0,4,0,0,1,0,0,0,0,0,7,0,0,1555143.5122876978,117851374.77267122,0.0,0.000710160060796989
26,0,1,0,1,0,1,1,1,1,1,1,1,0,1,1,0,0,0,0,0,0,0,0,0,0,0,0,0,1,0,0,265165147.69775015,25037214.086173728,0.0,0.22199912986399728
27,1,1,1,1,0,1,1,1,1,1,1,1,1,1,1,2,0,0,0,2,0,0,0,0,0,0,0,0,6,0,0,12307830.822185861,83092088.0552218,546.9006287069803,0.0016632163067219728
28,1,1,0,1,1,0,1,1,1,1,1,1,1,1,1,0,0,0,0,4,0,0,0,0,0,1,0,0,7,0,0,5770822.826519845,103872887.45501679,0.0,0.009856332345946149
29,1,1,0,1,1,1,1,1,1,1,1,1,1,1,1,1,0,0,0,4,0,0,0,0,0,1,0,0,7,0,0,5770822.826519845,103872887.45501679,129.32785252581957,0.0035482796445406133
30,0,1,0,1,0,1,1,1,1,1,1,1,1,1,1,3,0,0,0,4,0,0,1,0,0,0,0,0,7,0,0,1555143.5122876978,117851374.77267122,115.33494159365496,8.521920729563869e-05
31,1,1,0,0,1,0,1,1,1,1,1,1,1,1,1,1,0,0,0,0,0,0,0,0,0,0,0,0,4,0,0,42550798.912021354,33377116.55719709,1123.4433178784159,0.013842482922830118
32,1,0,1,1,1,1,1,1,1,1,1,1,1,1,1,1,0,0,0,4,0,0,1,0,0,0,0,0,7,0,0,1555143.5122876978,117851374.77267122,55.91997168177211,0.00025565762188691605
33,0,1,0,1,0,1,1,1,1,1,1,1,1,1,1,3,0,0,0,3,0,0,1,0,0,0,0,0,7,0,0,4791628.797917063,112335500.73556045,288.9065582309633,0.00045218451298465715
34,0,1,1,1,0,1,1,1,1,1,1,1,1,1,1,0,0,0,0,3,0,0,1,0,0,0,0,0,7,0,0,4791628.797917063,112335500.73556045,0.0,0.003768204274872143
35,1,0,0,1,1,1,1,1,1,1,1,1,1,1,1,1,0,0,0,2,0,0,0,0,0,1,0,0,6,0,0,11516132.960478079,89412888.36488804,300.70435667320623,0.0038636451407923866
36,1,1,0,1,0,1,1,1,1,1,1,1,1,0,1,1,0,0,0,0,0,0,0,0,0,0,0,0,1,0,0,265165147.69775015,25037214.086173728,8712.016785102522,0.07991968675103901
37,0,1,0,1,1,1,1,1,1,1,1,1,1,1,1,0,0,0,0,1,0,0,0,0,0,0,0,0,6,0,0,26719444.786050495,78518794.33548805,0.0,0.024478195624404384
38,0,1,1,1,0,1,1,1,1,1,1,1,1,1,1,1,0,0,0,1,0,0,0,0,0,0,0,0,5,0,0,31331205.313957788,74921797.79205856,845.6237357984519,0.010264991855528986
39,0,0,0,1,1,1,1,1,1,1,1,1,1,1,0,2,0,0,0,4,0,0,1,0,0,1,0,0,7,0,0,816430.3790517347,124172175.08233747,46.44994468575776,6.011897636295778e-05
40,1,1,0,1,0,1,1,1,1,1,1,1,1,1,1,3,0,0,0,2,0,0,0,0,0,0,0,0,6,0,0,12307830.822185861,83092088.0552218,679.4436046053777,0.0013305730453775783
41,1,1,0,1,0,0,1,1,1,1,1,1,0,1,1,3,0,0,0,0,0,0,0,0,0,0,0,0,1,0,0,265165147.69775015,25037214.086173728,17968.534619273953,0.026639895583679667
42,1,1,1,1,0,1,1,1,1,1,1,1,1,1,1,2,0,0,0,4,0,0,0,0,0,1,0,0,7,0,0,5770822.826519845,103872887.45501679,214.70444266981764,0.0014784498518919226
43,1,1,1,1,1,0,1,1,1,1,1,1,1,1,1,0,0,0,0,4,0,0,1,0,0,1,0,0,8,0,0,0.0,128442363.23438963,0.0,0.0
44,0,1,0,1,1,1,1,1,1,1,1,1,1,0,1,3,0,0,0,4,0,0,0,0,0,0,0,0,6,0,0,8560100.870230276,93632245.98393491,468.33416196661045,0.0013491750049578232
45,0,0,0,1,0,1,1,1,1,1,1,1,1,1,1,3,0,0,0,0,0,0,0,0,0,0,0,0,0,0,0,365852640.60136044,0.0,25636.534932641636,0.035981416582244095
46,1,1,0,1,0,1,1,1,1,1,1,1,1,0,1,2,0,0,0,0,0,0,0,0,0,0,0,0,1,0,0,265165147.69775015,25037214.086173728,14463.309115892858,0.0332998694795996
47,0,1,0,1,1,0,1,1,1,1,1,1,0,1,1,3,0,0,0,3,0,0,0,0,0,0,0,0,6,0,0,11796586.155859642,88116371.9468241,641.9057786039187,0.0017161403106468415
48,0,1,0,0,1,0,1,1,1,1,1,1,0,1,1,1,0,0,0,0,0,0,0,0,0,0,0,0,2,0,0,199340019.67499232,27578229.96765524,6347.914373027839,0.0611651748633492
49,0,1,0,1,0,1,1,1,1,1,1,1,0,1,1,1,0,0,0,3,0,0,0,0,0,0,0,0,6,0,0,11796586.155859642,88116371.9468241,311.227044171597,0.005148420931940524
50,0,1,1,1,0,1,1,1,1,1,1,1,1,1,0,2,0,0,0,3,0,0,0,0,0,0,0,0,6,0,0,11796586.155859642,88116371.9468241,516.6855225505028,0.0021451753883085524
51,0,0,0,1,1,1,1,1,1,1,1,1,0,1,1,2,0,0,0,0,0,0,0,0,0,0,0,0,0,0,0,365852640.60136044,0.0,20635.468459039188,0.04497677072780513
52,1,1,0,0,1,1,1,1,1,1,1,1,1,1,1,1,0,0,0,1,0,0,0,0,0,0,0,0,6,0,0,26719444.786050495,78518794.33548805,701.2926326595511,0.008812150424785576
53,1,0,0,1,1,0,1,1,1,1,1,1,1,0,1,0,0,0,0,3,0,0,1,0,0,0,0,0,6,0,0,5984007.796157656,108415659.5741448,0.0,0.004339943729124594
54,0,1,0,1,1,1,1,1,1,1,1,1,0,1,1,1,0,0,0,4,0,0,0,0,0,0,0,0,6,0,0,8560100.870230276,93632245.98393491,227.07110883229603,0.0040475250148734685
55,1,1,0,1,0,0,1,1,1,1,1,1,1,1,1,0,0,0,0,0,0,0,0,0,0,0,0,0,2,0,0,199340019.67499232,27578229.96765524,0.0,0.16990326350930335
56,1,0,1,1,1,1,1,1,1,1,1,1,1,0,1,2,0,0,0,4,0,0,1,0,0,0,0,0,6,0,0,2747522.5105282906,113931533.61125559,161.8684622933266,0.00019228492725741587
57,0,1,0,1,1,1,1,1,1,1,1,1,0,1,1,1,0,0,0,3,0,0,1,0,0,0,0,0,6,0,0,5984007.796157656,108415659.5741448,181.65787968539888,0.0015623797424848536
58,0,1,1,1,0,0,1,1,1,1,1,1,1,1,1,3,0,0,0,2,0,0,0,0,0,1,0,0,6,0,0,11516132.960478079,89412888.36488804,620.202735638488,0.0012878817135974622
59,1,1,0,1,0,0,1,1,1,1,1,1,0,1,1,3,0,0,0,0,0,0,0,0,0,0,0,0,2,0,0,199340019.67499232,27578229.96765524,13092.57339436992,0.0203883916211164
60,0,1,1,1,0,0,1,1,1,1,1,1,1,0,1,3,0,0,0,0,0,0,0,0,0,0,0,0,3,0,0,93495793.23408976,30351526.042379983,5738.797343758792,0.009823451921214149
61,1,1,0,1,0,0,1,1,1,1,1,1,0,1,1,2,0,0,0,0,0,0,0,0,0,0,0,0,2,0,0,199340019.67499232,27578229.96765524,10538.529720846998,0.025485489526395504
62,1,1,0,1,1,1,1,1,1,1,1,1,1,1,1,3,0,0,0,1,0,0,0,0,0,0,0,0,5,0,0,31331205.313957788,74921797.79205856,1744.0989550843074,0.0034216639518429956
63,1,1,0,1,0,1,1,1,1,1,1,1,1,1,0,3,0,0,0,3,0,0,1,0,0,0,0,0,6,0,0,5984007.796157656,108415659.5741448,374.66937685113527,0.0005207932474949512
64,0,1,0,1,1,1,1,1,1,1,1,1,1,1,1,0,0,0,0,1,0,0,0,0,0,0,0,0,5,0,0,31331205.313957788,74921797.79205856,0.0,0.028513866265358297
65,0,1,0,1,1,1,1,1,1,1,1,1,1,1,1,3,0,0,0,1,0,0,0,0,0,0,0,0,6,0,0,26719444.786050495,78518794.33548805,1446.4160548603245,0.0029373834749285258
66,1,1,1,1,0,1,1,1,1,1,1,1,0,1,1,2,0,0,0,3,0,0,1,0,0,0,0,0,6,0,0,5984007.796157656,108415659.5741448,301.58046432146307,0.0006509915593686891
67,1,1,0,1,1,1,1,1,1,1,1,1,1,1,0,0,0,0,0,4,0,0,1,0,0,0,0,0,6,0,0,2747522.5105282906,113931533.61125559,0.0,0.0012818995150494388
68,1,0,1,1,0,0,1,1,1,1,1,1,0,1,1,2,0,0,0,4,0,0,0,0,0,0,0,0,6,0,0,8560100.870230276,93632245.98393491,376.97352052236636,0.001686468756197279
69,0,1,0,1,0,1,1,1,1,1,1,1,1,1,0,0,0,0,0,4,0,0,1,0,0,1,0,0,7,0,0,816430.3790517347,124172175.08233747,0.0,0.00040079317575305174
70,1,1,1,0,1,1,1,1,1,1,1,1,0,1,1,0,0,0,0,2,0,0,0,0,0,1,0,0,6,0,0,11516132.960478079,89412888.36488804,0.0,0.010732347613312185
71,1,0,1,1,0,1,1,1,1,1,1,1,1,1,1,2,0,0,0,0,0,0,0,0,0,0,0,0,3,0,0,93495793.23408976,30351526.042379983,4619.2971043513,0.012279314901517688
72,0,1,0,1,0,1,1,1,1,1,1,1,1,1,0,0,0,0,0,4,0,0,0,0,0,0,0,0,6,0,0,8560100.870230276,93632245.98393491,0.0,0.01124312504131519
73,0,0,0,1,0,0,1,1,1,1,1,1,1,1,1,2,0,0,0,1,0,0,0,0,0,0,0,0,5,0,0,80583506.8697203,74921797.79205856,1315.7368595143384,0.008487610979317568
