,0_RfR 0,0_RfR 1,0_RfR 2,1_RfR 0,1_RfR 1,1_RfR 2,2_RfR 0,2_RfR 1,2_RfR 2,3_RfR 0,3_RfR 1,3_RfR 2,4_RfR 0,4_RfR 1,4_RfR 2,EWS_DaysToThreat,A.1_DikeIncrease 0,A.1_DikeIncrease 1,A.1_DikeIncrease 2,A.2_DikeIncrease 0,A.2_DikeIncrease 1,A.2_DikeIncrease 2,A.3_DikeIncrease 0,A.3_DikeIncrease 1,A.3_DikeIncrease 2,A.4_DikeIncrease 0,A.4_DikeIncrease 1,A.4_DikeIncrease 2,A.5_DikeIncrease 0,A.5_DikeIncrease 1,A.5_DikeIncrease 2,Expected Annual Damage,Dike Investment Costs,Evacuation Costs,Expected Number of Deaths
0,0,1,1,1,1,1,1,1,1,1,1,1,1,1,0,0,0,0,0,5,0,0,4,0,0,7,0,0,0,0,0,4617578.022085371,100075134.25454497,0.0,0.003907005580710561
1,1,1,1,1,1,1,1,1,1,1,1,1,0,1,1,0,0,0,0,6,0,0,6,0,0,7,0,0,0,0,0,1610996.9156330056,111705552.94031574,0.0,0.0008478892961644585
2,1,1,1,1,1,0,1,1,1,1,1,1,1,1,0,3,0,0,0,4,0,0,4,0,0,7,0,0,0,0,0,10747067.321664352,94023604.92401658,621.2083173827073,0.0012937484088870973
3,1,1,1,1,0,1,1,1,1,1,1,1,1,1,1,3,0,0,0,2,0,0,3,0,0,1,0,0,0,0,0,88056325.91732526,73337248.43252543,6537.527437097091,0.006776351707084797
4,1,0,1,1,1,1,1,1,1,1,1,1,1,1,0,0,0,0,0,5,0,0,4,0,0,6,0,0,0,0,0,7022741.743873883,98399940.47182383,0.0,0.005076610358991459
5,0,1,1,1,1,1,1,1,1,1,1,1,1,1,0,1,0,0,0,4,0,0,4,0,0,7,0,0,0,0,0,10747067.321664352,94023604.92401658,301.1919114582823,0.003881245226661292
6,1,1,0,1,1,1,1,1,1,1,1,1,0,1,1,3,0,0,0,6,0,0,4,0,0,7,1,0,1,0,0,467240.50876612513,139744183.7942535,40.81872686227159,3.391557184657834e-05
7,1,1,1,1,1,1,1,1,1,1,1,1,0,1,1,0,0,0,0,3,0,0,3,0,0,7,0,0,0,0,0,24941480.127243713,86302383.79596074,0.0,0.024597973994075855
8,1,1,1,1,1,1,1,1,1,1,1,1,0,1,1,0,0,0,0,6,0,0,4,0,0,8,0,1,1,0,0,0.0,141864707.44737855,0.0,0.0
9,1,1,1,1,1,1,1,1,1,1,1,1,1,1,1,2,0,0,0,3,0,0,3,0,0,6,0,0,0,0,0,24941480.127243713,84627190.01323959,1166.3811366703433,0.003689696099111379
10,1,0,1,1,1,1,1,1,1,1,1,1,1,1,1,0,0,0,0,5,0,0,0,0,0,4,0,0,0,0,0,79463523.68479556,69105298.29290433,0.0,0.1248757717186343
11,1,1,0,1,1,1,1,1,1,1,1,1,1,1,1,3,0,0,0,5,0,0,4,0,0,7,0,0,0,0,0,3160700.0975028854,100075134.25454497,184.66929062590955,0.00037734625078359363
12,1,1,1,1,1,1,1,1,1,1,1,1,0,1,1,2,0,0,0,0,0,0,0,0,0,4,0,0,0,0,0,193507967.38378996,9695195.36216505,9418.234366778073,0.026448778047977104
13,1,1,1,1,1,1,1,1,1,1,1,1,1,1,1,3,0,0,0,5,0,0,4,0,0,6,0,0,0,0,0,5470675.693238278,98399940.47182383,368.90686772486487,0.0005129446824884313
14,1,1,1,1,1,1,1,1,1,1,1,1,1,1,1,3,0,0,0,4,0,0,3,0,0,7,0,0,0,0,0,11739067.039800974,91818257.83307153,671.4096712403382,0.0015094284903676924
15,1,1,1,1,1,0,1,1,1,1,1,1,1,1,1,0,0,0,0,0,1,0,0,0,0,0,0,0,0,0,0,216388431.09839207,38245121.951764055,0.0,0.16958801172294785
16,0,1,1,1,1,1,1,1,1,1,1,1,1,1,1,2,0,0,0,2,0,0,0,0,0,4,0,0,0,0,0,113773823.88074063,52513611.03366285,5347.950591220717,0.02307685387295367
17,0,1,1,1,1,1,1,1,1,1,1,1,1,1,1,2,0,0,0,4,0,0,3,0,0,6,0,0,0,0,0,13329470.167489491,90143064.05035038,643.4855988168854,0.002001396617057958
18,1,1,1,1,1,1,1,1,1,1,1,1,1,1,1,3,0,0,0,3,0,0,2,0,0,5,0,0,0,0,0,35703408.78287935,81079289.44815831,2121.6163517744762,0.0046687822635443745
19,1,1,1,0,1,1,1,1,1,1,1,1,1,1,0,2,0,0,0,4,0,0,4,0,0,7,0,0,0,0,0,10747067.321664352,94023604.92401658,500.02563425691386,0.001617185511108872
20,0,1,1,1,1,1,1,1,1,1,1,1,1,1,1,3,0,0,0,4,0,0,3,0,0,6,0,0,0,0,0,13329470.167489491,90143064.05035038,799.4362262948598,0.0016011172936463661
21,1,1,1,1,1,1,1,1,1,1,1,1,1,1,1,2,0,0,0,3,0,0,2,0,0,5,0,0,0,0,0,35703408.78287935,81079289.44815831,1707.7404346669555,0.005835977829430469
22,1,1,1,1,1,1,1,1,1,1,1,1,1,1,1,0,0,0,0,4,0,0,3,0,0,7,0,0,0,0,0,11739067.039800974,91818257.83307153,0.0,0.012578570753064103
23,1,1,1,1,1,1,1,1,1,1,1,1,1,1,1,2,0,0,0,5,0,0,4,0,0,7,0,0,0,0,0,3160700.0975028854,100075134.25454497,148.6447888560825,0.00047168281347949195
24,1,1,1,1,1,1,1,1,1,1,1,1,1,1,1,0,0,0,0,4,0,0,4,0,0,7,0,0,0,0,0,10747067.321664352,94023604.92401658,0.0,0.01078123674072581
25,0,1,1,1,1,1,1,1,1,1,1,1,1,1,1,3,0,0,0,3,0,0,2,0,0,0,0,0,0,0,0,100364559.62551677,70010517.76190385,7855.915559246364,0.007341724350480361
26,1,1,1,1,1,1,1,1,1,1,1,1,1,1,1,3,0,0,0,2,0,0,2,0,0,0,1,0,0,0,0,93514185.38898724,71307034.17996779,7112.504454147296,0.006998372981480184
27,1,1,1,1,1,1,1,1,1,1,1,1,1,1,1,3,0,0,0,3,0,0,3,0,0,0,0,0,0,0,0,93111792.94453001,72040732.01446149,7469.055746732006,0.0058205992829725856
28,1,1,1,1,1,0,1,1,1,1,1,1,1,1,1,1,0,0,0,2,0,0,2,0,0,4,0,0,0,0,0,48635417.292084835,74681429.23246661,1482.524256180896,0.015343963236016318
29,1,1,1,1,1,1,1,1,1,1,1,1,0,1,1,2,0,0,0,6,0,0,4,0,0,7,0,0,0,0,0,1610996.9156330056,106710134.76391058,98.56794838900808,0.00012718339442466877
30,1,1,1,1,1,1,1,1,1,1,1,1,1,1,1,2,0,0,0,2,0,0,0,0,0,5,0,0,0,0,0,104955796.6617497,53887187.35775226,4758.948590519914,0.02249597154424991
31,0,1,1,1,1,1,1,1,1,1,1,1,1,1,1,3,0,0,0,4,0,0,0,0,0,4,0,0,0,0,0,86748081.6393653,63053768.96237595,4965.504215162835,0.015767093607844642
32,0,1,1,1,1,1,1,1,1,1,1,1,1,1,1,0,0,0,0,4,0,0,0,0,0,4,0,0,0,0,0,86748081.6393653,63053768.96237595,0.0,0.13139244673203868
33,1,1,1,1,1,1,1,1,1,1,1,1,0,1,1,1,0,0,0,2,0,0,2,0,0,6,0,0,0,0,0,39816792.37692937,77572691.86907966,1127.7154330044407,0.013949722629991088
34,1,1,1,1,1,1,1,1,1,1,1,1,1,1,1,2,0,0,0,4,0,0,3,0,0,7,0,0,0,0,0,11739067.039800974,91818257.83307153,540.4339209794389,0.0018867856129596158
35,0,1,1,1,1,1,1,1,1,1,1,1,1,1,0,1,0,0,0,6,0,0,4,0,0,7,0,0,0,0,0,1610996.9156330056,106710134.76391058,59.37269361784958,0.00030524014661920503
36,0,1,1,1,1,1,1,1,1,1,1,1,1,1,1,0,0,0,0,3,0,0,3,0,0,0,0,0,0,0,0,93111792.94453001,72040732.01446149,0.0,0.048504994024771556
37,1,1,1,1,1,1,1,1,1,1,1,1,1,1,1,1,0,0,0,0,0,0,0,0,0,0,0,0,0,0,0,254416823.8290269,0.0,8326.114859445703,0.07061008140875152
38,1,1,1,1,1,1,1,1,1,1,1,1,1,1,1,3,0,0,0,5,0,0,0,0,0,4,0,0,0,0,0,79463523.68479556,69105298.29290433,4523.818113768458,0.01498509260623612
39,1,1,0,1,1,1,1,1,1,1,1,1,1,1,1,3,0,0,0,5,0,0,4,0,0,5,0,0,0,0,0,8314094.224896276,96882254.15930018,599.449846896865,0.0006735831697778456
40,0,1,1,1,1,1,1,1,1,1,1,1,1,1,1,0,0,0,0,2,0,0,0,0,0,4,0,0,0,0,0,113773823.88074063,52513611.03366285,0.0,0.1538456924863578
41,1,1,1,1,1,1,1,1,1,1,1,1,1,1,1,0,0,0,0,5,0,0,4,0,0,7,3,0,0,0,0,3061244.5948136253,110770062.54743288,0.0,0.0030963939128529944
42,0,1,1,1,1,1,1,1,1,1,1,1,1,1,1,0,0,0,0,3,0,0,3,0,0,4,0,0,0,0,0,36026318.125946105,81735927.37662654,0.0,0.029596473886440683
43,1,1,1,1,1,1,1,1,1,1,1,1,1,1,1,3,0,0,0,4,0,0,0,0,0,3,0,0,0,0,0,96872051.01086815,61811981.29681894,5823.800754083239,0.01626438398852732
44,1,1,1,1,1,1,1,1,1,1,1,1,1,1,1,0,0,0,0,1,0,0,0,0,0,4,0,0,0,0,0,135626600.15005234,47940317.3139291,0.0,0.13408689347170405
45,1,1,1,1,1,1,1,1,1,1,1,1,1,1,1,0,0,0,0,1,0,0,0,0,0,5,0,0,0,0,0,135616066.11215994,49313893.63801852,0.0,0.13408233698238553
46,1,1,1,1,1,1,1,1,1,1,1,1,1,1,1,1,0,0,0,4,0,0,3,0,0,7,0,0,0,0,0,11739067.039800974,91818257.83307153,325.5319618134973,0.0045282854711030775
47,1,1,1,1,1,0,1,1,1,1,1,1,1,1,1,0,0,0,0,2,0,0,2,0,0,1,0,0,0,0,0,88056325.91732526,71307034.17996779,0.0,0.05646959755903998
48,1,1,1,1,1,0,1,1,1,1,1,1,0,1,1,0,0,0,0,3,0,0,3,0,0,6,0,0,0,0,0,25345578.175732825,84627190.01323959,0.0,0.024791360642808253
49,1,1,1,1,1,0,1,1,1,1,1,1,1,1,1,0,0,0,0,2,0,0,1,0,0,4,0,0,0,0,0,74944398.20019579,72812898.66098353,0.0,0.08756731558898602
50,1,1,1,1,1,1,1,1,1,1,1,1,1,1,1,2,0,0,0,2,0,0,1,0,0,5,0,0,0,0,0,66126370.98120487,74186474.98507294,3037.379180397099,0.012554215009644147
51,1,1,1,1,1,1,1,1,1,1,1,1,1,1,1,0,0,0,0,3,0,0,2,0,0,6,0,0,0,0,0,32194246.808230482,82596975.76068196,0.0,0.03727401622330732
52,1,1,1,1,1,0,1,1,1,1,1,1,1,1,1,0,0,0,0,4,0,0,3,0,0,0,0,0,0,0,0,80503986.51414509,77556606.05157228,0.0,0.03682553872080401
53,0,1,1,1,1,1,1,1,1,1,1,1,1,1,1,3,0,0,0,2,0,0,0,0,0,0,0,0,0,0,0,171999330.75813577,42818415.6714978,11847.779071383136,0.02078831553954897
54,0,1,1,1,1,1,1,1,1,1,1,1,1,1,1,3,0,0,0,6,0,0,4,0,0,6,0,0,0,0,0,2464094.586785913,105034940.98118943,195.50064498855167,0.000145850728342899
55,1,1,1,1,1,1,1,1,1,1,1,1,1,1,0,1,0,0,0,2,0,0,2,0,0,2,0,0,0,0,0,84787025.20812969,72318314.08982334,2972.894467840568,0.020617424424535617
56,1,1,1,1,1,1,1,1,1,1,1,1,1,1,1,2,0,0,0,2,0,0,2,0,0,2,0,0,0,0,0,78408532.55185318,72318314.08982334,4550.381232482036,0.008043587671771392
57,0,1,1,1,1,1,1,1,1,1,1,1,1,1,1,1,0,0,0,4,0,0,0,0,0,4,0,0,0,0,0,86748081.6393653,63053768.96237595,2407.5171952304654,0.04730128082353393
58,0,1,1,1,1,1,1,1,1,1,0,1,1,1,1,3,0,0,0,1,0,0,0,0,0,4,0,0,0,0,0,148396863.249233,47940317.3139291,8813.585262569366,0.018216834947452805
59,1,1,1,1,1,1,1,1,1,1,1,1,1,1,1,3,0,0,0,2,0,0,1,0,0,5,0,0,0,0,0,66126370.98120487,74186474.98507294,3773.496958234513,0.010043372007715316
60,1,1,1,1,1,1,1,1,1,1,1,1,1,1,1,1,0,0,0,2,0,0,0,0,0,5,0,0,0,0,0,104955796.6617497,53887187.35775226,2866.566680407289,0.05399033170619977
61,1,1,1,1,1,0,1,1,1,1,1,1,1,1,1,1,0,0,0,5,0,0,0,0,0,5,0,0,0,0,0,70645496.46580464,70478874.61699374,1838.579270709813,0.04356116022981933
62,1,1,1,1,1,1,1,1,1,1,1,1,1,1,1,2,0,0,0,2,0,0,2,0,0,5,0,0,0,0,0,39816792.37692937,76055005.55655602,1872.1838243237787,0.005812384429162955
63,1,1,1,1,1,1,1,1,1,1,1,1,1,1,0,0,0,0,0,2,0,0,2,0,0,2,0,0,0,0,0,84787025.20812969,72318314.08982334,0.0,0.057270623401487815
64,1,1,1,1,1,1,1,1,1,1,1,1,1,1,1,0,0,0,0,5,0,0,4,0,0,5,0,0,0,0,0,8314094.224896276,96882254.15930018,0.0,0.005613193081482047
65,1,1,1,1,1,1,1,1,1,1,1,1,1,1,1,3,0,0,0,0,0,0,0,0,0,4,0,0,0,0,0,193055574.63701543,9695195.36216505,11663.411499609843,0.021134820021178585
66,1,1,1,1,1,1,1,1,1,1,1,1,1,1,1,0,0,0,0,3,0,0,2,0,0,0,0,0,0,0,0,100364559.62551677,70010517.76190385,0.0,0.061181036254003014
67,1,1,1,1,1,0,1,1,1,1,1,1,1,1,1,0,0,0,0,2,0,0,1,0,0,0,0,0,0,0,0,133183441.40461698,63117703.298818484,0.0,0.10696532490786535
68,1,1,1,1,1,1,1,1,1,1,1,1,1,1,1,0,0,0,0,3,0,0,0,0,0,4,0,0,0,0,0,99422344.14431894,57537894.925265156,0.0,0.14110775793489633
69,1,1,1,1,1,0,1,1,1,1,1,1,1,1,1,3,0,0,0,5,0,0,0,0,0,6,0,0,0,0,0,70645496.46580464,71996560.92951739,3792.06974583899,0.014520386743273111
70,1,1,1,1,1,0,1,1,1,1,1,1,1,1,1,0,0,0,0,3,0,0,3,0,0,3,0,0,0,0,0,45010255.43863771,80494139.71106954,0.0,0.03325881018724358
71,0,1,1,1,1,1,1,1,1,1,1,1,1,1,1,0,0,0,0,0,0,0,0,0,0,0,0,0,0,0,0,254416823.8290269,0.0,0.0,0.1961391150243098
72,0,1,1,1,1,1,1,1,1,1,1,1,1,1,1,0,0,0,0,2,0,0,2,0,0,3,0,0,0,0,0,58772922.99061373,73439641.5669096,0.0,0.046773945581396664
73,1,1,1,1,1,1,1,1,1,1,1,1,1,1,1,2,0,0,0,2,0,0,2,0,0,4,0,0,0,0,0,48635417.292084835,74681429.23246661,2461.221909675316,0.0063933180150068
74,1,1,1,1,1,1,1,1,1,1,1,1,1,1,1,2,0,0,0,2,0,0,1,0,0,4,0,0,0,0,0,74944398.20019579,72812898.66098353,3626.3811810979014,0.013135097338347907
75,1,1,1,1,1,1,1,1,1,1,1,1,1,1,1,3,0,0,0,1,0,0,0,0,0,5,0,0,0,0,0,135616066.11215994,49313893.63801852,8048.7131453572165,0.016089880437886263
76,1,1,1,1,1,1,1,1,1,1,1,1,1,1,1,1,0,0,0,5,0,0,0,0,0,4,0,0,0,0,0,79463523.68479556,69105298.29290433,2193.3663581907667,0.04495527781870835
77,1,1,1,1,0,1,1,1,1,1,1,1,1,1,1,3,0,0,0,2,0,0,1,0,0,3,0,0,0,0,0,85081903.89872469,71571110.99542654,5364.557149845361,0.011006296928440483
78,1,1,1,1,1,1,1,1,1,1,1,1,1,1,1,3,0,0,0,3,0,0,0,0,0,4,0,0,0,0,0,99422344.14431894,57537894.925265156,5773.892144750994,0.016932930952187557
79,1,1,1,1,1,0,1,1,1,1,1,1,1,1,1,1,0,0,0,5,0,0,4,0,0,5,0,0,0,0,0,8314094.224896276,96882254.15930018,290.6423500106012,0.0020207495093335372
80,1,1,1,1,1,1,1,1,1,1,1,1,1,1,1,3,0,0,0,3,0,0,0,0,0,5,0,0,0,0,0,90604316.92532802,58911471.24935457,5042.143776821526,0.01646822508922455
81,1,1,1,1,1,1,1,1,1,1,1,1,1,1,1,1,0,0,0,2,0,0,1,0,0,4,0,0,0,0,0,74944398.20019579,72812898.66098353,2184.3613702613243,0.03152423361203497
82,1,1,1,1,1,0,1,1,1,1,1,1,1,1,1,3,0,0,0,5,0,0,4,0,0,4,0,0,0,0,0,14885125.6653995,95508677.83521077,1142.931795259881,0.001023468846146419
83,1,1,1,1,1,1,1,1,1,1,1,1,1,1,1,0,0,0,0,4,0,0,3,0,0,4,0,0,0,0,0,23418511.695561197,87251801.41373733,0.0,0.017917018582473142
84,1,1,0,1,1,1,1,1,1,1,1,1,1,1,1,1,0,0,0,1,0,0,0,0,0,1,0,0,0,0,0,182035165.55920798,44565922.26143029,5878.199682086686,0.05427429415645759
85,1,1,1,1,1,1,1,1,1,1,1,1,1,1,1,1,0,0,0,0,0,0,0,0,0,4,0,0,0,0,0,193055574.63701543,9695195.36216505,5654.987393750227,0.06340446006353576
86,1,1,1,1,1,1,1,1,1,1,1,1,0,1,1,2,0,0,0,1,0,0,0,0,0,4,0,0,0,0,0,136975602.05142763,47940317.3139291,6569.371595422723,0.02020204300513155
87,1,1,1,1,1,1,1,1,1,1,1,1,1,1,1,1,0,0,0,2,0,0,1,0,0,3,0,0,0,0,0,85081903.89872469,71571110.99542654,2600.99740598563,0.033018890785321456
88,1,1,1,1,1,1,1,1,1,1,1,1,1,1,1,3,0,0,0,4,0,0,4,0,0,4,0,0,0,0,0,22426511.97742457,89457148.50468238,1577.809975634045,0.0019343621484161817
89,1,1,1,1,1,1,1,1,1,1,1,1,1,1,1,2,0,0,0,0,0,0,0,0,0,1,0,0,0,0,0,235598689.24984622,6320800.309666242,12434.212802545191,0.028588287474663777
90,1,1,0,1,1,1,1,1,1,1,1,1,1,1,1,1,0,0,0,0,0,0,0,0,0,1,0,0,0,0,0,235598689.24984622,6320800.309666242,7489.78465282722,0.06861188993919307
91,0,1,1,1,1,1,1,1,1,1,1,1,1,1,1,0,0,0,0,2,0,0,1,0,0,3,0,0,0,0,0,85081903.89872469,71571110.99542654,0.0,0.09171914107033738
92,0,1,1,1,1,1,1,1,1,1,1,1,1,1,1,1,0,0,0,2,0,0,0,0,0,3,0,0,0,0,0,123897793.25224349,51271823.36810584,3637.4975443345,0.05687632043713683
93,1,1,1,1,1,1,1,1,1,1,1,1,1,1,1,1,0,0,0,2,0,0,0,0,0,4,0,0,0,0,0,113773823.88074063,52513611.03366285,3221.353767888243,0.055384449295088796
94,1,1,0,1,1,1,1,1,1,1,1,1,1,1,1,2,0,0,0,2,0,0,3,0,0,0,0,0,0,0,0,106874460.49650604,67016448.12285918,6650.653139214539,0.009303019412838696
95,1,1,1,1,0,1,1,1,1,1,1,1,1,1,1,1,0,0,0,2,0,0,1,0,0,5,0,0,0,0,0,66126370.98120487,74186474.98507294,1829.5742827803701,0.03013011602314595
96,1,1,1,1,1,1,1,1,1,1,1,1,1,1,1,0,0,0,0,4,0,0,3,0,0,5,0,0,0,0,0,16847480.25505797,88625377.73782673,0.0,0.015001304612735033
97,1,1,1,1,1,1,1,1,1,1,1,1,1,1,1,2,0,0,0,5,0,0,0,0,0,5,0,0,0,0,0,70645496.46580464,70478874.61699374,3052.328867389338,0.01815048342909139
98,1,1,1,1,1,1,1,1,1,1,1,1,1,1,1,3,0,0,0,0,0,0,0,0,0,1,0,0,0,0,0,235598689.24984622,6320800.309666242,15447.680846456142,0.022870629979731022
99,0,1,1,1,1,1,1,1,1,1,1,1,1,1,1,0,0,0,0,0,0,0,0,0,0,1,0,0,0,0,0,235598689.24984622,6320800.309666242,0.0,0.1905885831644252
100,0,1,1,1,1,1,1,1,1,1,1,1,1,1,1,1,0,0,0,2,0,0,0,0,0,0,0,0,0,0,0,171999330.75813577,42818415.6714978,5744.377731579702,0.062364946618646895
101,1,1,1,1,1,1,1,1,1,1,1,1,1,1,1,0,0,0,0,3,0,0,0,0,0,3,0,0,0,0,0,109546313.5158218,56296107.25970815,0.0,0.14525184444058528
102,0,1,1,1,1,1,1,1,1,1,1,1,1,1,1,2,0,0,0,2,0,0,0,0,0,3,0,0,0,0,0,123897793.25224349,51271823.36810584,6038.8142825865725,0.023698466848807012
103,1,1,1,1,1,1,1,1,1,1,1,1,1,1,1,0,0,0,0,1,0,0,0,0,0,3,0,0,0,0,0,152751762.63249645,46698529.6483721,0.0,0.14106627623473889
104,0,1,1,1,1,1,1,1,1,1,1,1,1,1,1,3,0,0,0,4,0,0,0,0,0,5,0,0,0,0,0,77930054.42037438,64427345.28646536,4233.755847233368,0.015302387744881636
105,1,1,1,1,1,1,1,1,1,1,1,1,1,1,1,3,0,0,0,2,0,0,2,0,0,3,0,0,0,0,0,58772922.99061373,73439641.5669096,3917.0181020544787,0.0056128734697676
106,0,1,1,1,1,1,1,1,1,1,1,1,1,1,1,2,0,0,0,1,0,0,0,0,0,5,0,0,0,0,0,135616066.11215994,49313893.63801852,6478.604331016699,0.020112350547357834
107,0,1,1,1,1,1,1,1,1,1,1,1,1,1,1,0,0,0,0,2,0,0,0,0,0,3,0,0,0,0,0,123897793.25224349,51271823.36810584,0.0,0.15798977899204675
108,1,1,1,1,1,1,1,1,1,1,1,1,1,1,1,3,0,0,0,2,0,0,1,0,0,0,0,0,0,0,0,133183441.40461698,63117703.298818484,9709.99753603859,0.01283583898894384
109,1,1,1,1,1,1,1,1,1,1,1,1,1,1,1,0,0,0,0,1,0,0,0,0,0,2,0,0,0,0,0,172387372.19373587,45577202.17128583,0.0,0.14791624846515147
110,1,1,1,1,1,1,1,1,1,1,1,1,1,1,1,1,0,0,0,1,0,0,0,0,0,3,0,0,0,0,0,152751762.63249645,46698529.6483721,4607.6497014599645,0.050783859444506
111,0,1,1,1,1,1,1,1,1,1,1,1,1,1,1,2,0,0,0,3,0,0,0,0,0,5,0,0,0,0,0,90604316.92532802,58911471.24935457,4058.543759752175,0.02058528136153069
112,1,1,0,1,1,1,1,1,1,1,1,1,1,1,1,3,0,0,0,0,0,0,0,0,0,0,0,0,0,0,0,254416823.8290269,0.0,17172.611897606763,0.023536693802917175
113,1,1,1,1,1,1,1,1,1,1,1,1,1,1,1,1,0,0,0,3,0,0,0,0,0,5,0,0,0,0,0,90604316.92532802,58911471.24935457,2444.6757705801338,0.04940467526767365
114,1,1,1,1,1,1,1,1,1,1,1,1,1,1,1,3,0,0,0,2,0,0,2,0,0,4,0,0,0,0,0,48635417.292084835,74681429.23246661,3057.706278373098,0.005114654412005438
115,1,1,1,1,1,0,1,1,1,1,1,1,1,1,1,0,0,0,0,1,0,0,0,0,0,1,0,0,0,0,0,182035165.55920798,44565922.26143029,0.0,0.1507619282123822
116,1,1,1,1,1,1,1,1,1,1,1,1,1,1,1,0,0,0,0,3,0,0,0,0,0,5,0,0,0,0,0,90604316.92532802,58911471.24935457,0.0,0.13723520907687126
117,1,1,1,1,1,0,1,1,1,1,1,1,1,1,1,1,0,0,0,4,0,0,0,0,0,5,0,0,0,0,0,77930054.42037438,64427345.28646536,2052.7301077495113,0.0459071632346449
118,1,0,1,1,1,1,1,1,1,1,1,1,1,1,1,3,0,0,0,4,0,0,3,0,0,0,0,0,0,0,0,80503986.51414509,77556606.05157228,6736.0065274605395,0.004419064646496482
119,1,1,1,1,1,1,1,1,1,1,1,1,1,1,1,3,0,0,0,1,0,0,0,0,0,3,0,0,0,0,0,152751762.63249645,46698529.6483721,9503.277509261177,0.016927953148168667
120,1,1,0,1,1,1,1,1,1,1,1,1,1,1,1,2,0,0,0,4,0,0,3,0,0,5,0,0,0,0,0,16847480.25505797,88625377.73782673,872.9639904918192,0.002250195691910255
121,1,1,1,1,1,1,1,1,1,1,1,1,1,1,1,2,0,0,0,1,0,0,0,0,0,3,0,0,0,0,0,152751762.63249645,46698529.6483721,7649.418449689394,0.02115994143521084
122,1,0,1,1,1,1,1,1,1,1,1,1,1,1,1,3,0,0,0,0,0,0,0,0,0,5,0,0,0,0,0,193045040.59912303,11068771.68625446,11662.533157738428,0.021134273242460366
123,1,1,1,1,1,1,1,1,1,1,1,1,1,1,1,3,0,0,0,2,0,0,0,0,0,3,0,0,0,0,0,123897793.25224349,51271823.36810584,7502.338685189907,0.018958773479045607
124,1,1,1,1,1,1,1,1,1,1,1,1,1,1,1,0,0,0,0,3,0,0,2,0,0,5,0,0,0,0,0,35703408.78287935,81079289.44815831,0.0,0.038906518862869784
125,0,1,1,1,1,1,1,1,1,1,1,1,1,1,1,3,0,0,0,4,0,0,4,0,0,5,0,0,0,0,0,15855480.536921345,90830724.82877178,1034.3280272710292,0.0015844764720476087
126,1,1,1,1,1,1,1,1,1,1,1,1,1,1,1,0,0,0,0,2,0,0,0,0,0,0,0,0,0,0,0,171999330.75813577,42818415.6714978,0.0,0.1732359628295747
127,1,1,1,1,1,0,1,1,1,1,1,1,1,1,1,3,0,0,0,3,0,0,0,0,0,3,0,0,0,0,0,109546313.5158218,56296107.25970815,6632.188683671398,0.017430221332870234
128,1,1,1,1,1,0,1,1,1,1,1,1,1,1,1,1,0,0,0,1,0,0,0,0,0,2,0,0,0,0,0,172387372.19373587,45577202.17128583,5449.42492841453,0.05324984944745454
129,1,1,1,1,1,1,1,1,1,1,1,1,1,1,1,0,0,0,0,4,0,0,4,0,0,6,0,0,0,0,0,12337470.44935287,92348411.14129543,0.0,0.011545310101381424
130,0,1,1,1,1,1,1,1,1,1,1,1,1,1,1,2,0,0,0,0,0,0,0,0,0,5,0,0,0,0,0,193045040.59912303,11068771.68625446,9387.455666740214,0.026417841553075458
131,1,1,1,1,1,1,1,1,1,1,1,1,1,1,1,1,0,0,0,1,0,0,0,0,0,4,0,0,0,0,0,135626600.15005234,47940317.3139291,3902.832236232063,0.048271281649813445
132,1,1,1,1,0,1,1,1,1,1,1,1,1,1,1,1,0,0,0,3,0,0,2,0,0,6,0,0,0,0,0,32194246.808230482,82596975.76068196,890.1415021524913,0.013418645840390632
133,1,1,0,1,1,1,1,1,1,1,1,1,1,1,1,1,0,0,0,4,0,0,3,0,0,3,0,0,0,0,0,32402449.008252796,86010013.74818033,1159.0623715235438,0.007768567757979374
134,1,1,1,1,1,1,1,1,1,1,1,1,1,1,1,1,0,0,0,2,0,0,2,0,0,3,0,0,0,0,0,58772922.99061373,73439641.5669096,1899.1602919052016,0.0168386204093028
135,0,1,1,1,1,1,1,1,1,1,1,1,1,1,1,1,0,0,0,3,0,0,3,0,0,6,0,0,0,0,0,24941480.127243713,84627190.01323959,702.5731082061361,0.008855270637867306
136,1,1,1,1,1,1,1,1,1,1,1,1,1,1,1,3,0,0,0,2,0,0,1,0,0,4,0,0,0,0,0,74944398.20019579,72812898.66098353,4505.24532616398,0.010508077870678322
137,1,1,1,1,1,1,1,1,1,1,1,1,1,1,1,1,0,0,0,4,0,0,3,0,0,5,0,0,0,0,0,16847480.25505797,88625377.73782673,525.8324272138959,0.005400469660584611
138,1,1,1,1,1,1,1,1,1,1,1,1,1,1,1,2,0,0,0,1,0,0,0,0,0,0,0,0,0,0,0,200853300.1383887,38245121.951764055,11147.16876054569,0.023446869010840036
139,1,1,1,1,1,1,1,1,1,1,1,1,1,1,1,3,0,0,0,2,0,0,2,0,0,5,0,0,0,0,0,39816792.37692937,76055005.55655602,2325.9130805716595,0.0046499075433303625
140,1,1,1,1,1,1,1,1,1,1,1,1,1,1,1,3,0,0,0,0,0,0,0,0,0,3,0,0,0,0,0,200916747.01194802,8453407.696608048,12333.537504074775,0.021513652215417175
141,0,1,1,1,1,1,1,1,1,1,1,1,1,1,1,1,0,0,0,3,0,0,0,0,0,4,0,0,0,0,0,99422344.14431894,57537894.925265156,2799.462858061088,0.05079879285656268
142,1,1,1,1,1,1,1,1,1,1,1,1,1,1,1,0,0,0,0,3,0,0,3,0,0,5,0,0,0,0,0,28450642.10189258,83109503.70071594,0.0,0.026230476633638325
143,0,1,1,1,1,1,1,1,1,1,1,1,1,1,1,2,0,0,0,1,0,0,0,0,0,2,0,0,0,0,0,172387372.19373587,45577202.17128583,9046.896853813185,0.02218743726977273
144,1,1,1,1,1,1,1,1,1,1,1,1,1,1,1,3,0,0,0,3,0,0,3,0,0,6,0,0,0,0,0,24941480.127243713,84627190.01323959,1449.057035675156,0.0029517568792891023
145,1,1,1,1,1,1,1,1,1,1,1,1,1,1,1,2,0,0,0,3,0,0,2,0,0,7,0,0,0,0,0,32194246.808230482,84272169.5434031,1477.7739781828468,0.005591102433496098
146,1,1,1,1,0,1,1,1,1,1,1,1,1,1,1,2,0,0,0,5,0,0,4,0,0,5,0,0,0,0,0,8314094.224896276,96882254.15930018,482.51171388478724,0.0008419789622223072
147,1,1,1,1,1,0,1,1,1,1,1,1,1,1,1,0,0,0,0,5,0,0,0,0,0,5,0,0,0,0,0,70645496.46580464,70478874.61699374,0.0,0.12100322286060924
148,1,1,1,1,1,1,1,1,1,1,1,1,1,1,1,0,0,0,0,7,0,0,4,0,0,5,0,0,0,0,0,5307513.118443909,110787601.49950954,0.0,0.002554076796935945
149,1,1,1,1,1,1,1,1,1,1,1,1,1,1,1,2,0,0,0,0,0,0,0,0,0,2,0,0,0,0,0,225950895.88437408,7332080.219521779,11722.379715394152,0.02816143551257917
150,0,1,1,1,1,1,1,1,1,1,1,1,1,1,1,0,0,0,0,2,0,0,0,0,0,5,0,0,0,0,0,104955796.6617497,53887187.35775226,0.0,0.1499731436283327
151,1,1,1,1,1,0,1,1,1,1,1,1,1,1,1,3,0,0,0,3,0,0,3,0,0,3,0,0,0,0,0,45010255.43863771,80494139.71106954,3123.6153605387744,0.00399105722246923
152,1,1,1,1,1,1,1,1,1,1,1,1,1,1,1,2,0,0,0,0,0,0,0,0,0,0,0,0,0,0,0,254416823.8290269,0.0,13822.651622126657,0.029420867253646475
153,0,1,1,1,1,1,1,1,1,1,1,1,1,1,1,3,0,0,0,0,0,0,0,0,0,2,0,0,0,0,0,225950895.88437408,7332080.219521779,14563.332917007321,0.022529148410063333
154,1,1,1,1,1,1,1,1,1,1,1,1,1,1,1,3,0,0,0,1,0,0,0,0,0,0,0,0,0,0,0,200853300.1383887,38245121.951764055,13848.717895454409,0.018757495208672023
155,1,1,1,1,0,1,1,1,1,1,1,1,1,1,1,2,0,0,0,2,0,0,0,0,0,0,0,0,0,0,0,171999330.75813577,42818415.6714978,9536.564593442865,0.025985394424436207
156,1,1,1,1,1,1,1,1,1,1,1,1,1,1,1,0,0,0,0,2,0,0,2,0,0,4,0,0,0,0,0,48635417.292084835,74681429.23246661,0.0,0.04262212010004532
157,1,1,1,1,1,1,1,1,1,1,1,1,1,1,1,1,0,0,0,3,0,0,0,0,0,3,0,0,0,0,0,109546313.5158218,56296107.25970815,3215.6066345073446,0.05229066399861071
158,1,1,1,1,1,1,1,1,1,1,1,1,1,1,1,0,0,0,0,2,0,0,2,0,0,5,0,0,0,0,0,39816792.37692937,76055005.55655602,0.0,0.03874922952775302
159,1,1,1,1,0,1,1,1,1,1,1,1,1,1,1,3,0,0,0,2,0,0,2,0,0,0,0,0,0,0,0,106874460.49650604,64986233.87030155,8262.45848824771,0.0074424155302709565
160,0,1,1,1,1,1,1,1,1,1,1,1,1,1,1,2,0,0,0,1,0,0,0,0,0,1,0,0,0,0,0,182035165.55920798,44565922.26143029,9758.729940964224,0.022614289231857338
161,1,1,1,1,1,1,1,1,1,1,1,1,1,1,1,1,0,0,0,0,0,0,0,0,0,3,0,0,0,0,0,200916747.01194802,8453407.696608048,5979.896971672619,0.06454095664625153
162,1,1,1,1,1,0,1,1,1,1,1,1,1,1,1,3,0,0,0,1,0,0,0,0,0,1,0,0,0,0,0,182035165.55920798,44565922.26143029,12123.786844303788,0.018091431385485864
163,0,1,1,1,1,1,1,1,1,1,1,1,1,1,1,1,0,0,0,1,0,0,0,0,0,0,0,0,0,0,0,200853300.1383887,38245121.951764055,6714.529888705168,0.05627248562601607
164,1,1,1,1,1,1,1,1,1,1,1,1,1,1,1,0,0,0,0,0,0,0,0,0,0,4,0,0,0,0,0,193055574.63701543,9695195.36216505,0.0,0.17612350017648826
165,1,1,1,1,1,1,1,1,1,1,1,1,1,1,1,2,0,0,0,0,0,0,0,0,0,3,0,0,0,0,0,200916747.01194802,8453407.696608048,9927.563331878373,0.02689206526927147
166,1,1,1,1,1,1,1,1,1,1,1,1,1,1,1,0,0,0,0,0,0,0,0,0,0,3,0,0,0,0,0,200916747.01194802,8453407.696608048,0.0,0.1792804351284765
167,1,1,1,1,0,1,1,1,1,1,1,1,1,1,1,3,0,0,0,2,0,0,1,0,0,2,0,0,0,0,0,104717513.45996414,70449783.51834026,7100.718555439152,0.011828293596089999
168,1,1,1,1,1,0,1,1,1,1,1,1,1,1,1,0,0,0,0,4,0,0,0,0,0,3,0,0,0,0,0,96872051.01086815,61811981.29681894,0.0,0.13553653323772763
169,1,1,1,1,1,0,1,1,1,1,1,1,1,1,1,1,0,0,0,3,0,0,3,0,0,5,0,0,0,0,0,28450642.10189258,83109503.70071594,841.0940796412697,0.009442971588109797
170,1,1,1,1,1,1,1,1,1,1,1,1,1,1,1,0,0,0,0,5,0,0,4,0,0,7,0,1,0,0,0,3094554.6556154476,108071969.19871418,0.0,0.0031204730013581366
171,1,1,1,1,1,1,1,1,1,1,1,1,1,1,1,4,0,0,0,2,0,0,0,0,0,4,0,0,0,0,0,113773823.88074063,52513611.03366285,7751.382503981085,0.018461483098362937
172,0,1,1,1,1,1,1,1,1,1,1,1,1,1,1,3,0,0,0,3,0,0,3,0,0,4,0,0,0,0,0,36026318.125946105,81735927.37662654,2361.060548763141,0.003551576866372882
173,1,1,1,1,1,1,1,1,1,1,1,1,1,1,1,2,0,0,0,3,0,0,0,0,0,3,0,0,0,0,0,109546313.5158218,56296107.25970815,5338.409451818834,0.021787776666087798
174,1,1,1,1,0,1,1,1,1,1,1,1,1,1,1,0,0,0,0,0,0,0,0,0,0,2,0,0,0,0,0,225950895.88437408,7332080.219521779,0.0,0.18774290341719446
175,1,1,1,1,1,1,1,1,1,1,1,1,1,1,1,2,0,0,0,4,0,0,0,0,0,5,0,0,0,0,0,77930054.42037438,64427345.28646536,3407.8527179435246,0.01912798468110205
176,1,1,1,1,1,1,1,1,1,1,1,1,1,1,1,3,0,0,0,2,0,0,0,0,0,5,0,0,0,0,0,104955796.6617497,53887187.35775226,5912.293778340035,0.017996777235399927
177,1,0,1,1,1,1,1,1,1,1,1,1,1,1,1,3,0,0,0,1,0,0,0,0,0,2,0,0,0,0,0,172387372.19373587,45577202.17128583,11239.438914854969,0.01774994981581818
178,1,1,1,1,1,1,1,1,1,1,1,1,1,1,1,3,0,0,0,3,0,0,2,0,0,6,0,0,0,0,0,32194246.808230482,82596975.76068196,1835.9168481895135,0.004472881946796878
179,1,1,1,1,1,0,1,1,1,1,1,1,1,1,1,0,0,0,0,4,0,0,0,0,0,5,0,0,0,0,0,77930054.42037438,64427345.28646536,0.0,0.12751989787401363
180,1,1,1,1,1,1,1,1,1,1,1,1,1,1,1,1,0,0,0,3,0,0,2,0,0,5,0,0,0,0,0,35703408.78287935,81079289.44815831,1028.6624735876248,0.014006346790633123
181,1,1,1,1,1,1,1,1,1,1,1,1,1,1,1,2,0,0,0,2,0,0,2,0,0,1,0,0,0,0,0,88056325.91732526,71307034.17996779,5262.214319633074,0.008470439633855999
182,1,1,1,1,1,1,1,1,1,1,1,1,0,1,1,1,0,0,0,0,0,0,0,0,0,5,0,0,0,0,0,193045040.59912303,11068771.68625446,5654.561531024693,0.0634028197273811
183,1,1,1,1,1,1,1,1,1,1,1,1,1,1,1,0,0,0,0,2,0,0,2,0,0,0,0,0,0,0,0,106874460.49650604,64986233.87030155,0.0,0.062020129418924624
184,1,1,1,1,1,1,1,1,1,1,1,1,1,1,1,0,0,0,0,0,0,0,0,0,0,5,0,0,0,0,0,193045040.59912303,11068771.68625446,0.0,0.17611894368716974
185,1,1,1,1,1,0,1,1,1,1,1,1,1,1,1,1,0,0,0,3,0,0,3,0,0,3,0,0,0,0,0,45010255.43863771,80494139.71106954,1514.4801748066784,0.01197317166740769
186,1,1,1,1,0,1,1,1,1,1,1,1,1,1,1,1,0,0,0,0,0,0,0,0,0,2,0,0,0,0,0,225950895.88437408,7332080.219521779,7061.009899155066,0.06758744523019
187,1,1,1,1,1,1,1,1,1,1,1,1,1,1,1,1,0,0,0,1,0,0,0,0,0,5,0,0,0,0,0,135616066.11215994,49313893.63801852,3902.4063735065292,0.04826964131365879
188,0,1,1,1,1,0,1,1,1,1,1,1,1,1,1,3,0,0,0,1,0,0,0,0,0,4,0,0,0,0,0,171632412.47835755,47940317.3139291,8483.494321656526,0.018981512558900838
189,0,1,1,1,1,1,1,1,1,1,1,1,1,1,1,3,0,0,0,4,0,0,3,0,0,4,0,0,0,0,0,23418511.695561197,87251801.41373733,1628.0113294916762,0.002150042229896777
190,1,1,1,1,1,1,1,1,1,1,1,1,1,1,1,1,0,0,0,3,0,0,3,0,0,4,0,0,0,0,0,36026318.125946105,81735927.37662654,1144.7566297033413,0.010654730599118643
191,0,1,1,1,1,1,1,1,1,1,1,1,1,1,1,1,0,0,0,4,0,0,3,0,0,6,0,0,0,0,0,13329470.167489491,90143064.05035038,387.60544305205326,0.004803351880939099
192,1,1,1,1,1,1,1,1,1,1,1,1,1,1,1,3,0,0,0,4,0,0,3,0,0,3,0,0,0,0,0,32402449.008252796,86010013.74818033,2390.566141267309,0.002589522585993125
193,1,0,1,1,1,1,1,1,1,1,1,1,1,1,1,2,0,0,0,3,0,0,0,0,0,4,0,0,0,0,0,99422344.14431894,57537894.925265156,4647.545760452977,0.02116616369023445
